state,year,pres,gov,grade,subject,bb,ba,pr,ad
AL,1992,R,R,4,MATHEMATICS,57.0234113422614,32.8326589723495,9.68273105846165,0
AL,1992,R,R,4,READING,48.5227706950034,31.8364864595441,16.3635099604189,3.2772328850336
AL,1992,R,R,8,MATHEMATICS,61.2244696313846,28.6239847455697,9.25625573158571,0.89528989145998
AL,1996,R,D,4,MATHEMATICS,52.1940929597755,36.9850862682779,9.92812894664751,0.892691825299042
AL,1996,R,D,8,MATHEMATICS,54.7551140850389,33.2265048778533,10.8376583099292,1.18072272717859
AL,2000,R,D,4,MATHEMATICS,44.7240354510217,41.9208452427108,12.6800085874291,0.675110718838509
AL,2000,R,D,8,MATHEMATICS,47.2047105311549,36.4237331866994,13.9000095361214,2.4715467460243
AL,2003,R,R,4,MATHEMATICS,35.3670130068353,45.8507911568486,17.6248430312404,1.1573528050757
AL,2003,R,R,4,READING,47.530943230756,30.2309318567569,17.6996082896591,4.53851662282802
AL,2003,R,R,8,MATHEMATICS,47.1491554084956,37.1124786288566,13.8447855946018,1.89358036804595
AL,2003,R,R,8,READING,35.4348375307957,42.2896858966178,20.6473417734207,1.6281347991658
AL,2005,R,R,4,MATHEMATICS,33.5614981162745,45.5532050613602,19.165554581684,1.71974224068131
AL,2005,R,R,4,READING,47.2754781099727,30.4259622040895,17.8290410502411,4.46951863569668
AL,2005,R,R,8,MATHEMATICS,46.9723233021453,37.8228937010169,12.8661675077667,2.33861548907109
AL,2005,R,R,8,READING,37.3787995446683,40.7621955919818,20.076279307972,1.78272555537791
AL,2007,R,R,4,MATHEMATICS,29.842823013795,44.3580823225593,23.2705570401656,2.52853762348013
AL,2007,R,R,4,READING,38.4240558630333,32.6501956221606,22.3871578569083,6.53859065789788
AL,2007,R,R,8,MATHEMATICS,44.6799453693723,37.1607579437496,15.6713928599337,2.48790382694446
AL,2007,R,R,8,READING,37.7064486154938,41.1293058295377,19.8405452287141,1.32370032625434
AL,2009,R,R,4,MATHEMATICS,29.7381169760359,45.8027360444719,22.1058481055831,2.35329887390913
AL,2009,R,R,4,READING,37.9050378857677,33.8856076089433,22.4702514991571,5.7391030061319
AL,2009,R,R,4,SCIENCE,34.8280518338754,38.007806316591,26.9599418479937,0
AL,2009,R,R,8,MATHEMATICS,41.7366259010788,37.8279444707635,16.8079351032378,3.62749452491991
AL,2009,R,R,8,READING,34.2788397662765,41.9212018043881,22.335555054566,1.46440337476948
AL,2009,R,R,8,SCIENCE,49.0279545363884,31.615654216668,18.7396274488348,0.616763798108739
AL,2011,R,R,4,MATHEMATICS,25.3692635545273,47.3435694247313,24.7148148675267,2.5723521532147
AL,2011,R,R,4,READING,32.7618798229995,35.7804026747845,24.9457339527238,6.51198354949223
AL,2011,R,R,8,MATHEMATICS,39.8934225757914,40.0451221042463,17.2455074113533,2.815947908609
AL,2011,R,R,8,READING,30.9653826800265,43.461137298051,23.5428209315546,2.03065909036801
AL,2011,R,R,8,SCIENCE,46.8136406911393,33.8060914244973,18.7602803738036,0.619987510559783
AL,2013,R,R,4,MATHEMATICS,24.9492844488086,45.2615453201574,26.4062770533818,3.38289317765217
AL,2013,R,R,4,READING,34.5945388531121,34.6555856666218,24.2522518880898,6.49762359217634
AL,2013,R,R,8,MATHEMATICS,40.1846703780024,40.076035094722,16.4077141243514,3.33158040292431
AL,2013,R,R,8,READING,31.5749715715351,43.3638386390994,23.4337931638859,1.62739662547952
AL,2015,R,R,4,MATHEMATICS,25.4021231875515,48.5179502018787,23.8253876086053,2.25453900196444
AL,2015,R,R,4,READING,35.4981661573581,35.8044114243633,23.9239027094498,4.77351970882878
AL,2015,R,R,4,SCIENCE,32.1102640806229,40.3040279885133,26.9689490556839,0.616758875179967
AL,2015,R,R,8,MATHEMATICS,44.3139267177954,38.4818662307613,14.2684735835645,2.93573346787886
AL,2015,R,R,8,READING,28.5343075684317,45.8670423620218,23.6801488672322,1.9185012023143
AL,2015,R,R,8,SCIENCE,46.3306604538819,32.3374028801045,20.7729152043361,0.559021461677507
AL,2017,R,R,4,MATHEMATICS,26.6626289924368,42.1402349211444,27.6373753713413,3.55976071507748
AL,2017,R,R,4,READING,36.849168881779,31.7100773233384,24.7104656134841,6.73028818139861
AL,2017,R,R,8,MATHEMATICS,45.3204537546662,33.9034902349884,16.2390125546865,4.53704345565896
AL,2017,R,R,8,READING,32.5497945974485,39.7727065836005,25.3849382398096,2.29256057914141
AL,2019,R,R,4,MATHEMATICS,28.5087588404784,43.3941759607694,24.7154648851373,3.38160031361482
AL,2019,R,R,4,READING,42.2722215193281,29.5719349432065,22.5249876480294,5.63085588943597
AL,2019,R,R,8,MATHEMATICS,42.7805023568397,35.9402767965779,17.3451226556505,3.93409819093188
AL,2019,R,R,8,READING,36.1024076616378,40.3007939251969,21.7463603849724,1.85043802819281
AL,1994,R,D,4,READING,47.7484626036715,28.8654881047778,18.1541524814937,5.23189681005702
AL,1998,R,D,4,READING,44.2534938091027,32.1599721671778,19.4153416694195,4.1711923543001
AL,1998,R,D,8,READING,32.9700407859558,45.3070245186419,20.7892690551931,0.933665640209147
AL,2002,R,D,4,READING,48.0737060676138,29.6189477209939,17.8795377790766,4.4278084323157
AL,2002,R,D,8,READING,36.0369325120062,42.6442542245028,20.123097163627,1.19571609986406
AL,1990,R,R,8,MATHEMATICS,59.7283772192286,31.2143776601198,8.10311412361507,0.954130997036543
AK,1996,R,D,4,MATHEMATICS,35.4619780200255,43.9159975259727,18.5798682973567,2.0421561566451
AK,1996,R,D,8,MATHEMATICS,32.2571768106431,37.8381737498863,23.202277234125,6.70237220534567
AK,2003,R,R,4,MATHEMATICS,25.2296575351952,44.6130617786138,26.585356986724,3.57192369946697
AK,2003,R,R,4,READING,42.3451785737791,29.9307796603993,21.6956448342392,6.02839693158243
AK,2003,R,R,4,SCIENCE,6.02839693158243,6.02839693158243,6.02839693158243,6.02839693158243
AK,2003,R,R,8,MATHEMATICS,30.3107537363217,39.7388487702237,24.2579548735076,5.69244261994704
AK,2003,R,R,8,READING,33.3339588252329,39.8955487805092,24.1168066941478,2.65368570011013
AK,2005,R,R,4,MATHEMATICS,23.0911593242402,43.1980369200934,29.2047543253125,4.50604943035383
AK,2005,R,R,4,READING,41.85273298719,31.4346585176952,21.4143651127291,5.29824338238566
AK,2005,R,R,4,SCIENCE,5.29824338238566,5.29824338238566,5.29824338238566,5.29824338238566
AK,2005,R,R,8,MATHEMATICS,31.1065938243501,40.1604114633775,22.9207578045584,5.81223690771403
AK,2005,R,R,8,READING,29.9894432178937,43.5629683778449,24.5761381261718,1.87145027808966
AK,2007,R,R,4,MATHEMATICS,21.1626544528965,40.9446419188118,32.0795209932451,5.81318263504657
AK,2007,R,R,4,READING,38.3086874151198,32.9522780803962,22.3473272913697,6.39170721311431
AK,2007,R,R,4,SCIENCE,6.39170721311431,6.39170721311431,6.39170721311431,6.39170721311431
AK,2007,R,R,8,MATHEMATICS,27.0168271552928,40.7506760539362,25.148937682419,7.08355910835205
AK,2007,R,R,8,READING,29.2313633032202,43.6994320679968,25.2313159732275,1.83788865555552
AK,2009,R,R,4,MATHEMATICS,21.6625253051178,40.5001704812044,31.9420804451897,5.89522376848818
AK,2009,R,R,4,READING,40.9708454537746,31.8620062390394,21.9027477630702,5.26440054411587
AK,2009,R,R,4,SCIENCE,5.26440054411587,5.26440054411587,5.26440054411587,5.26440054411587
AK,2009,R,R,8,MATHEMATICS,25.489080029227,41.0537711577111,27.2541014607467,6.20304735231525
AK,2009,R,R,8,READING,28.4216889271548,44.5372536141936,25.4517241763414,1.58933328231023
AK,2011,R,R,4,MATHEMATICS,22.2010571936108,41.2383635679832,30.9050200752791,5.65555916312691
AK,2011,R,R,4,READING,44.0687245064738,30.3623896377052,20.4139469166531,5.15493893916784
AK,2011,R,R,4,SCIENCE,5.15493893916784,5.15493893916784,5.15493893916784,5.15493893916784
AK,2011,R,R,8,MATHEMATICS,25.6311497481842,39.1939886306924,27.7679134610866,7.40694816003675
AK,2011,R,R,8,READING,27.0204439016687,42.017678000857,28.3223686633115,2.6395094341628
AK,2011,R,R,8,SCIENCE,31.8111036907789,34.6315546095305,32.2733782616422,1.28396343804843
AK,2013,R,R,4,MATHEMATICS,23.4511738930303,39.875052555263,30.4178109787712,6.25596257293548
AK,2013,R,R,4,READING,42.0940233063461,30.4143264676399,21.614601211812,5.87704901420206
AK,2013,R,R,4,SCIENCE,5.87704901420206,5.87704901420206,5.87704901420206,5.87704901420206
AK,2013,R,R,8,MATHEMATICS,28.1494439092766,38.8177051553675,25.9741541638418,7.05869677151408
AK,2013,R,R,8,READING,28.532109167087,40.396439161283,28.1163970132844,2.9550546583455
AK,2015,R,I,4,MATHEMATICS,22.2923080116762,42.59416937509,29.1029368282933,6.01058578494045
AK,2015,R,I,4,READING,38.7613048018614,31.3130090880479,23.5494762161628,6.37620989392786
AK,2015,R,I,4,SCIENCE,6.37620989392786,6.37620989392786,6.37620989392786,6.37620989392786
AK,2015,R,I,8,MATHEMATICS,29.0468444711267,39.1284841887847,24.9994528778147,6.82521846227387
AK,2015,R,I,8,READING,29.2050421600987,39.4448805626305,28.7171194231231,2.63295785414775
AK,2017,R,I,4,MATHEMATICS,29.0685370206737,39.2755073963535,26.4315198352904,5.22443574768237
AK,2017,R,I,4,READING,43.6242201763013,28.1684814795774,22.318453050733,5.88884529338828
AK,2017,R,I,4,SCIENCE,5.88884529338828,5.88884529338828,5.88884529338828,5.88884529338828
AK,2017,R,I,8,MATHEMATICS,34.3139685205604,36.4599580969563,21.0935104747806,8.1325629077028
AK,2017,R,I,8,READING,30.3396050119591,43.5235924952522,24.6415058437141,1.49529664907466
AK,2019,R,R,4,MATHEMATICS,27.1430579888557,39.690383365297,27.8555084099376,5.31105023590964
AK,2019,R,R,4,READING,46.7523371823267,28.1960812811068,19.7476941597555,5.30388737681106
AK,2019,R,R,4,SCIENCE,5.30388737681106,5.30388737681106,5.30388737681106,5.30388737681106
AK,2019,R,R,8,MATHEMATICS,36.9195371188666,34.0404607474797,21.9495358001468,7.09046633350688
AK,2019,R,R,8,READING,36.7326510602348,39.9764185364753,21.4619629200496,1.82896748324026
AZ,1992,R,R,4,MATHEMATICS,46.5286806035856,40.3968898116963,12.259694059688,0.814735525029998
AZ,1992,R,R,4,READING,45.6622999883145,33.5195736575172,17.6955105012365,3.12261585293181
AZ,1992,R,R,8,MATHEMATICS,45.3392041346124,39.5948304635819,13.6167003977662,1.44926500403953
AZ,1996,D,R,4,MATHEMATICS,43.4882731953623,41.2599570723159,13.8312390806521,1.42053065166976
AZ,1996,D,R,8,MATHEMATICS,42.5608443311515,39.7239441815497,15.9151240588214,1.80008742847739
AZ,2000,R,R,4,MATHEMATICS,43.2696274714601,40.9085949288512,14.3549879184008,1.46678968128792
AZ,2000,R,R,8,MATHEMATICS,40.239338496114,39.6717214818723,16.6009365015213,3.48800352049246
AZ,2003,R,D,4,MATHEMATICS,29.9506675772436,44.6175524576958,23.2261134397597,2.20566652530092
AZ,2003,R,D,4,READING,45.7540009850561,30.779699916539,18.9921974920112,4.47410160639368
AZ,2003,R,D,8,MATHEMATICS,38.5429204580623,40.5716138551981,18.1914093688297,2.69405631790997
AZ,2003,R,D,8,READING,33.6827505842487,41.3846301503295,23.3199495111362,1.61266975428567
AZ,2005,R,D,4,MATHEMATICS,29.6430890606826,42.4940774089041,24.5792943651618,3.28353916525147
AZ,2005,R,D,4,READING,47.8819762180527,28.4938348674434,18.0865122640022,5.53767665050178
AZ,2005,R,D,8,MATHEMATICS,36.0790606281563,38.1852061472321,21.1015499101466,4.63418331446504
AZ,2005,R,D,8,READING,35.3915096819365,41.5560708675144,21.4547670105852,1.5976524399638
AZ,2007,R,D,4,MATHEMATICS,26.3329292949721,43.0429920505845,26.6186060884012,4.00547256604226
AZ,2007,R,D,4,READING,44.1224643066908,31.6530603242967,19.7066848805626,4.51779048844991
AZ,2007,R,D,8,MATHEMATICS,33.5261069779052,40.2032892983479,21.4768475485745,4.79375617517236
AZ,2007,R,D,8,READING,35.1313769593958,40.5975702941774,22.3907463583906,1.88030638803616
AZ,2009,R,R,4,MATHEMATICS,29.4603282294198,42.5850002869095,24.2756104157267,3.67906106794397
AZ,2009,R,R,4,READING,43.6737890053451,31.6473471346205,19.57904187761,5.09982198242446
AZ,2009,R,R,4,SCIENCE,39.170450725694,39.1689832157372,21.4327830509038,0
AZ,2009,R,R,8,MATHEMATICS,32.5980594660118,38.4101957157192,22.8538621882395,6.13788263002959
AZ,2009,R,R,8,READING,31.6682935966231,41.4216919731364,24.3739728096564,2.53604162058405
AZ,2009,R,R,8,SCIENCE,46.3796968819182,31.8542864829854,20.9574781954805,0.808538439615939
AZ,2011,R,R,4,MATHEMATICS,22.6527783138328,43.7647782354404,29.2003667197696,4.38207673095722
AZ,2011,R,R,4,READING,41.6521866375879,32.2431681354207,20.7255335661053,5.37911166088611
AZ,2011,R,R,8,MATHEMATICS,31.845165809567,36.6854326028021,24.2602881758369,7.20911341179397
AZ,2011,R,R,8,READING,28.8261350724175,42.9369875669869,25.8167333873313,2.42014397326428
AZ,2011,R,R,8,SCIENCE,43.792333724272,33.5976020599301,21.8481350291493,0.761929186648575
AZ,2013,R,R,4,MATHEMATICS,18.0757968780655,42.3238087234218,32.3308104795237,7.26958391898901
AZ,2013,R,R,4,READING,40.2092221844895,32.19714380941,22.2617007907981,5.33193321530243
AZ,2013,R,R,8,MATHEMATICS,31.1900326666951,38.2386203047598,23.5420078259891,7.02933920255596
AZ,2013,R,R,8,READING,28.027770178064,44.1335486280953,25.748798462418,2.0898827314227
AZ,2015,R,R,4,MATHEMATICS,21.2301040431417,40.9271747612345,31.8438510431552,5.99887015246869
AZ,2015,R,R,4,READING,38.2603953185536,32.1258767234748,22.8143365631117,6.79939139485988
AZ,2015,R,R,4,SCIENCE,29.3333343373953,38.1281241246734,31.9290062543525,0.609535283578774
AZ,2015,R,R,8,MATHEMATICS,27.7835969070971,37.387458046827,26.9175148667892,7.9114301792867
AZ,2015,R,R,8,READING,26.0951788801693,42.790304379121,28.6853008305189,2.42921591019083
AZ,2015,R,R,8,SCIENCE,38.9655910005585,35.5746896931523,24.4947244024772,0.964994903812029
AZ,2017,R,R,4,MATHEMATICS,26.6973227749216,39.4225480514014,26.8949159322847,6.98521324139226
AZ,2017,R,R,4,READING,38.9696136882157,30.6550877491417,22.8857649788361,7.48953358380654
AZ,2017,R,R,8,MATHEMATICS,29.3903920856018,37.0785427567978,24.3276874981682,9.20337765943215
AZ,2017,R,R,8,READING,25.2874813254545,44.2138994188991,28.0612093683004,2.43740988734601
AZ,2019,R,R,4,MATHEMATICS,22.5121600471204,40.1423521035639,30.0272076599739,7.31828018934187
AZ,2019,R,R,4,READING,38.6486183231459,29.966559107485,24.2077413569645,7.17708121240457
AZ,2019,R,R,8,MATHEMATICS,32.277246033311,36.7141963903987,22.2256806045268,8.78287697176344
AZ,2019,R,R,8,READING,30.4071602027276,41.2011297923212,25.5131502728589,2.87855973209225
AZ,1994,R,R,4,READING,48.216272136958,27.6637422210077,17.962675563841,6.15731007819327
AZ,1998,D,R,4,READING,48.9423221339135,29.0643080240864,17.5815776148082,4.41179222719187
AZ,1998,D,R,8,READING,27.8976711092959,45.49169064371,25.3643449619338,1.24629328506033
AZ,2002,R,R,4,READING,49.4029157851571,28.7552352281048,17.4522863772907,4.38956260944739
AZ,2002,R,R,8,READING,31.9052453852857,44.7605663449914,22.1125518409815,1.22163642874136
AZ,1990,R,D,8,MATHEMATICS,52.470995498451,34.8233953707848,11.4251574695964,1.28045166116786
AR,1992,D,D,4,MATHEMATICS,53.082815093455,37.2203074188187,9.31296464479033,0
AR,1992,D,D,4,READING,44.2426728889577,33.1011161336003,18.9370042800253,3.71920669741667
AR,1992,D,D,8,MATHEMATICS,55.7316100560106,34.2639694275917,9.26694616120334,0.737474355194316
AR,1996,D,R,4,MATHEMATICS,45.9468230185471,40.7792751483908,12.5977294522199,0.676172380842222
AR,1996,D,R,8,MATHEMATICS,48.0885553248211,38.7699459936774,11.5269441340162,1.61455454748525
AR,2000,R,R,4,MATHEMATICS,45.0723355442967,41.3533416789435,12.9581792673654,0.616143509394336
AR,2000,R,R,8,MATHEMATICS,51.4823615432106,35.0284812824399,12.1883625117256,1.30079466262383
AR,2003,R,R,4,MATHEMATICS,28.8495126849806,44.9553526813606,23.9431685522632,2.2519660813957
AR,2003,R,R,4,READING,40.3711233630413,31.5064642778892,21.9573079543602,6.16510440470922
AR,2003,R,R,8,MATHEMATICS,42.0826297063664,39.3629634855033,16.3717658038632,2.18264100426706
AR,2003,R,R,8,READING,29.8536404933611,43.3668583506203,24.8575949436557,1.9219062123629
AR,2005,R,R,4,MATHEMATICS,22.1912975330578,43.8458969283351,29.7944792855014,4.16832625310577
AR,2005,R,R,4,READING,37.443114698588,32.8722095016364,23.4934470934416,6.1912287063339
AR,2005,R,R,8,MATHEMATICS,35.9439190216857,42.0365870491647,19.0653549274356,2.95413900171403
AR,2005,R,R,8,READING,30.9799519495624,43.1560270181671,24.1464697207808,1.71755131148969
AR,2007,R,D,4,MATHEMATICS,19.2815380930186,44.0064485095633,32.4094907217234,4.30252267569482
AR,2007,R,D,4,READING,36.4847100121007,34.9284816322031,23.1534192792975,5.4333890763987
AR,2007,R,D,8,MATHEMATICS,35.276297960709,40.3414913341577,20.6737500066708,3.7084606984625
AR,2007,R,D,8,READING,30.3750087786758,44.1996862024423,24.0678897498929,1.35741526898893
AR,2009,R,D,4,MATHEMATICS,19.9976406170797,43.7512844438275,31.3748510138556,4.87622392523721
AR,2009,R,D,4,READING,36.8942733090817,34.3487487436802,22.9105826004097,5.84639534682841
AR,2009,R,D,4,SCIENCE,31.1634550853968,40.1816621173587,28.3549008805621,0
AR,2009,R,D,8,MATHEMATICS,33.3864186086382,39.6307885928295,22.6436989802613,4.33909381827098
AR,2009,R,D,8,READING,30.7543036952093,42.5884904871817,24.5714406210846,2.08576519652449
AR,2009,R,D,8,SCIENCE,42.2003151373725,33.5722936762103,23.5980598136792,0.62933137273803
AR,2011,R,D,4,MATHEMATICS,19.4811364700966,43.2393823762585,32.8051849872874,4.47429616635757
AR,2011,R,D,4,READING,37.2334526560296,32.6757955566421,24.1703283729461,5.92042341438219
AR,2011,R,D,8,MATHEMATICS,30.2275168946483,40.5158446066665,24.4603380740228,4.79630042466231
AR,2011,R,D,8,READING,29.4336716680995,42.7295731959068,26.2012096970237,1.63554543897001
AR,2011,R,D,8,SCIENCE,38.684438428494,34.842918245644,25.6853094153189,0.787333910543112
AR,2013,R,D,4,MATHEMATICS,17.078247594566,43.6359489312275,34.0814092568064,5.20439421740007
AR,2013,R,D,4,READING,34.016586176084,34.3436644518357,24.9661067856295,6.67364258645084
AR,2013,R,D,8,MATHEMATICS,30.9620356427692,41.3571854337425,23.168437386279,4.51234153720921
AR,2013,R,D,8,READING,27.1769987894995,42.4914795081041,27.4104046902245,2.92111701217189
AR,2015,R,R,4,MATHEMATICS,21.3959157181927,46.6491212039039,28.4721407926837,3.48282228521959
AR,2015,R,R,4,READING,34.9460812807004,33.5311069323227,25.3316949114329,6.19111687554406
AR,2015,R,R,4,SCIENCE,26.5225792185473,40.2367324414977,32.8906075981395,0
AR,2015,R,R,8,MATHEMATICS,34.081858250964,40.9999468255295,21.0867463452856,3.83144857822088
AR,2015,R,R,8,READING,29.9226121474414,43.261859703996,24.6387327992781,2.17679534928449
AR,2015,R,R,8,SCIENCE,38.3957153752583,33.4750515611412,27.1652756631359,0.963957400464592
AR,2017,R,R,4,MATHEMATICS,24.9969456217906,42.2704660008346,27.8019194237949,4.93066895357988
AR,2017,R,R,4,READING,37.1375373800303,31.6084581486657,24.523491984016,6.73051248728796
AR,2017,R,R,8,MATHEMATICS,37.8922312009186,36.6287968954561,20.0924712003242,5.38650070330115
AR,2017,R,R,8,READING,28.7664128197598,42.5623599738834,26.1407884001433,2.53043880621341
AR,2019,R,R,4,MATHEMATICS,24.8843159898883,41.8669236976035,28.7214466144615,4.52731369804673
AR,2019,R,R,4,READING,37.8845000566143,30.9250253027804,24.1584375900541,7.03203705055118
AR,2019,R,R,8,MATHEMATICS,36.9572348327021,35.734503294109,21.3673816069973,5.94088026619172
AR,2019,R,R,8,READING,31.8630070506813,38.6216203446029,26.0366766225185,3.47869598219737
AR,1994,D,D,4,READING,46.4403193383911,29.6169296036487,19.235026834573,4.70772422338717
AR,1998,D,R,4,READING,45.9016366645321,31.5512565536883,18.1518809686411,4.39522581313846
AR,1998,D,R,8,READING,31.6791812642345,45.0021743789306,22.1096007341233,1.20904362271157
AR,2002,R,R,4,READING,41.655435422728,32.5695861937397,20.834270373113,4.94070801041934
AR,2002,R,R,8,READING,28.0742268990979,44.6279157238078,25.5051949202371,1.79266245685712
AR,1990,R,D,8,MATHEMATICS,56.1112956434446,34.5796084056806,8.59395921116518,0.715136739709673
CA,1992,D,R,4,MATHEMATICS,53.6081846916192,34.0270786236083,11.1003326959594,1.26440398881316
CA,1992,D,R,4,READING,52.3897184156746,28.1366815518813,15.8425659508863,3.63103408155775
CA,1992,D,R,8,MATHEMATICS,49.5882823542234,34.2360481791921,13.9914711324639,2.18419833412064
CA,1996,D,R,4,MATHEMATICS,54.2255793650571,35.1433232993551,9.71558369775136,0.915513637836454
CA,1996,D,R,8,MATHEMATICS,48.6202706455631,34.5218919297164,14.0516051417005,2.80623228302002
CA,2000,D,D,4,MATHEMATICS,50.3895459516941,36.8094007465141,12.1690368654339,0.632016436357911
CA,2000,D,D,8,MATHEMATICS,50.2574172549596,33.0027059726209,14.2949768947568,2.44489987766269
CA,2003,D,R,4,MATHEMATICS,32.8503935213188,42.4237905213829,21.7613634725772,2.96445248472115
CA,2003,D,R,4,READING,50.4356438316767,28.4788925961353,16.1114084054173,4.97405516677063
CA,2003,D,R,8,MATHEMATICS,44.2777331551868,34.0173695249036,17.3132391761127,4.39165814379692
CA,2003,D,R,8,READING,38.8203635969146,38.7365110200279,20.4778540835596,1.96527129949779
CA,2005,D,R,4,MATHEMATICS,29.0858627165923,42.9082123453362,24.2116723666637,3.79425257140781
CA,2005,D,R,4,READING,50.0125330748192,28.5593052798486,16.6658448405535,4.76231680477865
CA,2005,D,R,8,MATHEMATICS,42.9531237221903,35.2912930277291,17.2360427806037,4.51954046947682
CA,2005,D,R,8,READING,40.2207795922253,39.2379295396991,18.9471941273894,1.59409674068617
CA,2007,D,R,4,MATHEMATICS,30.4371732141858,39.8928094364109,25.2311816806359,4.4388356687674
CA,2007,D,R,4,READING,46.8313920148385,30.263557547634,17.7747682474622,5.13028219006532
CA,2007,D,R,8,MATHEMATICS,40.9155722263535,35.1566347341608,19.0096652612558,4.91812777822985
CA,2007,D,R,8,READING,37.7498483981795,40.7842540334712,19.7943948496264,1.67150271872293
CA,2009,D,R,4,MATHEMATICS,28.3144977430998,41.441003894236,24.8841411825542,5.36035718010989
CA,2009,D,R,4,READING,46.0551395634248,30.2719720407368,18.4914125765971,5.18147581924128
CA,2009,D,R,4,SCIENCE,42.3269885959177,35.234835798783,21.9249182662749,0.513257339024412
CA,2009,D,R,8,MATHEMATICS,40.9443957694147,35.6220496493158,18.3128018409827,5.12075274028677
CA,2009,D,R,8,READING,36.3967852385139,41.3572020407729,20.4212790380271,1.82473368268605
CA,2009,D,R,8,SCIENCE,51.6174725377113,28.7545044785566,18.7429167803455,0.885106203386647
CA,2011,D,D,4,MATHEMATICS,26.1671600710309,40.0279848391429,27.5024011851177,6.3024539047086
CA,2011,D,D,4,READING,43.6256600600278,31.7652541487259,18.8562615030455,5.75282428820082
CA,2011,D,D,8,MATHEMATICS,38.5585828477995,36.1045698809236,19.1193517655919,6.21749550568498
CA,2011,D,D,8,READING,34.6520932903803,41.6446867105412,21.0094909985785,2.69372900049997
CA,2011,D,D,8,SCIENCE,47.4691976252881,30.122175860395,21.4913208498206,0.917305664496318
CA,2013,D,D,4,MATHEMATICS,26.2424813668975,41.1612583826808,27.2321034028588,5.36415684756288
CA,2013,D,D,4,READING,41.8146687861929,31.2839198440107,20.9858439665926,5.91556740320378
CA,2013,D,D,8,MATHEMATICS,35.3090627541428,37.1156216637556,21.1237486466451,6.4515669354565
CA,2013,D,D,8,READING,27.9092194050124,42.7780116680854,26.3179445487115,2.99482437819068
CA,2015,D,D,4,MATHEMATICS,27.6386825575272,43.1983399410318,24.504857308257,4.658120193184
CA,2015,D,D,4,READING,41.37583136478,30.8285049947462,21.5811737325281,6.21448990794564
CA,2015,D,D,4,SCIENCE,37.1122479560563,38.8854891400308,23.5335483637023,0
CA,2015,D,D,8,MATHEMATICS,36.1492126310995,36.7278978950842,20.7022691302576,6.4206203435588
CA,2015,D,D,8,READING,29.7656073749008,41.8261991198,25.899612232301,2.50858127299821
CA,2015,D,D,8,SCIENCE,44.3434827844679,32.1196497092031,22.3919123310286,1.14495517530042
CA,2017,D,D,4,MATHEMATICS,28.983493792924,39.800781128935,24.9670636333732,6.24866144476786
CA,2017,D,D,4,READING,39.0126528184512,29.8527069778235,23.0289255053434,8.1057146983819
CA,2017,D,D,8,MATHEMATICS,37.5690754439242,33.2916283829212,19.7259796183018,9.41331655485286
CA,2017,D,D,8,READING,27.7156245940368,40.0645999661922,28.0538789432961,4.16589649647494
CA,2019,D,D,4,MATHEMATICS,25.4229904885172,40.9499901871485,26.6885806907104,6.93843863362387
CA,2019,D,D,4,READING,37.4511638822822,30.402184621804,23.7022005850897,8.44445091082405
CA,2019,D,D,8,MATHEMATICS,39.0412624479099,32.4519686843517,18.9550906727995,9.55167819493889
CA,2019,D,D,8,READING,32.1880487399076,37.9744234336553,25.8313088811876,4.00621894524944
CA,1994,D,R,4,READING,55.6562718071964,26.8254251971239,14.0966307321416,3.42167226353812
CA,1998,D,R,4,READING,51.8631283191141,27.8110557742442,16.243177934367,4.0826379722747
CA,1998,D,R,8,READING,36.7272783369106,42.2650594895464,20.2574736041973,0.750188569345685
CA,2002,D,D,4,READING,49.6097935429467,29.3107833148303,17.059221380638,4.02020176158496
CA,2002,D,D,8,READING,39.0308242310753,40.8851000413473,18.9867027883915,1.09737293918585
CA,1990,R,R,8,MATHEMATICS,55.379535667087,32.1666367582519,10.7999414450362,1.65388612962495
CO,1992,D,D,4,MATHEMATICS,39.1724382814397,43.3321037335379,15.9495323624301,1.54592562259224
CO,1992,D,D,4,READING,36.2519377250155,38.46860812021,21.4272962314495,3.85215792332501
CO,1992,D,D,8,MATHEMATICS,36.1072823780984,42.2994081643015,19.4933528688947,2.09995658870537
CO,1996,R,D,4,MATHEMATICS,33.1084272805985,44.7068903767074,20.4408442750602,1.74383806763382
CO,1996,R,D,8,MATHEMATICS,33.3811974429439,41.2123931825294,22.2352994470055,3.17110992752122
CO,2003,R,R,4,MATHEMATICS,23.0065856151925,43.0982739666374,29.7353820468904,4.15975837127969
CO,2003,R,R,4,READING,30.6029637502942,32.6421339512933,27.8168715153139,8.93803078309859
CO,2003,R,R,8,MATHEMATICS,26.175525039024,39.4485456651379,26.8702533468057,7.50567594903236
CO,2003,R,R,8,READING,22.3469864272423,41.6554230654518,31.7512725985817,4.24631790872428
CO,2005,R,R,4,MATHEMATICS,19.4942964720304,41.702899626887,32.5588740283918,6.24392987269076
CO,2005,R,R,4,READING,30.5132079084696,32.9245922377473,28.2455451838728,8.31665466991032
CO,2005,R,R,8,MATHEMATICS,29.5211282130747,38.4575105583391,25.7232250878467,6.29813614073946
CO,2005,R,R,8,READING,24.5556646157313,43.5486910422989,28.4243129075554,3.47133143441438
CO,2007,R,D,4,MATHEMATICS,18.2216800907374,40.5812143349805,34.9676849996097,6.22942057467237
CO,2007,R,D,4,READING,30.023518121766,33.7948225909988,27.1376393691455,9.04401991808977
CO,2007,R,D,8,MATHEMATICS,24.9178209067668,37.675470126533,27.8701566082807,9.53655235841954
CO,2007,R,D,8,READING,21.277729816228,44.1384306683757,32.2299347068362,2.35390480856012
CO,2009,D,D,4,MATHEMATICS,16.2098627636573,38.5579867386531,37.1287756942612,8.10337480342842
CO,2009,D,D,4,READING,27.9736377424178,31.8078786674549,29.7105896889503,10.507893901177
CO,2009,D,D,4,SCIENCE,22.8260149592026,38.2242703344004,38.2305772499625,0.719137456434475
CO,2009,D,D,8,MATHEMATICS,24.492974551133,35.7997003330843,29.6765256421734,10.0307994736093
CO,2009,D,D,8,READING,21.8529512663402,45.7154527254269,30.2311712459939,2.200424762239
CO,2009,D,D,8,SCIENCE,29.9714156215937,34.4455153875649,33.9202728488298,1.6627961420117
CO,2011,D,D,4,MATHEMATICS,15.6662193106829,37.4963047055875,37.1861821376153,9.65129384611428
CO,2011,D,D,4,READING,29.3236737993075,32.170343020049,29.2084443577491,9.29753882289435
CO,2011,D,D,8,MATHEMATICS,19.8109549576677,36.7305036301731,31.1885257720342,12.270015640125
CO,2011,D,D,8,READING,18.9308326015548,40.75840921969,36.1065959549956,4.20416222375957
CO,2011,D,D,8,SCIENCE,25.3198684122314,32.3062491238189,39.4112887298828,2.96259373406691
CO,2013,D,D,4,MATHEMATICS,12.9951181956651,37.0694990534593,39.3055963529756,10.6297863979
CO,2013,D,D,4,READING,25.9036923711143,33.458738802131,30.3310279406279,10.3065408861267
CO,2013,D,D,8,MATHEMATICS,23.0437363804285,35.0442071312981,29.7699996997162,12.1420567885572
CO,2013,D,D,8,READING,18.6930110212291,41.4677727159668,35.2607721267938,4.5784441360103
CO,2015,D,D,4,MATHEMATICS,17.9911669163804,39.349123523491,34.2248971103049,8.4348124498237
CO,2015,D,D,4,READING,29.3868606772608,32.0117180545422,28.9043494802167,9.69707178798039
CO,2015,D,D,8,MATHEMATICS,26.7590093769187,36.3078944733683,26.6075177886694,10.3255783610436
CO,2015,D,D,8,READING,21.7192996420521,40.0531811578623,34.9178770859847,3.30964211410095
CO,2017,D,D,4,MATHEMATICS,19.8699727606723,37.7458930037247,33.6181015238624,8.76603271174066
CO,2017,D,D,4,READING,29.3671684860512,30.7018620657701,29.5785304058409,10.3524390423378
CO,2017,D,D,8,MATHEMATICS,26.1815675879297,35.5525565108216,26.6733343575374,11.5925415437113
CO,2017,D,D,8,READING,20.6392927029251,38.8430280187892,34.9190859426406,5.59859333564508
CO,2019,D,D,4,MATHEMATICS,19.5234366114008,36.0152266283403,34.0537832380533,10.4075535222056
CO,2019,D,D,4,READING,29.2008087151219,31.126052170288,28.7948893760506,10.8782497385395
CO,2019,D,D,8,MATHEMATICS,27.4782119017557,35.5867749336112,26.1973912277551,10.737621936878
CO,2019,D,D,8,READING,23.1250262476992,39.2189466676659,33.0523382951197,4.60368878951516
CO,1994,D,D,4,READING,40.6530978255105,31.1365156845338,22.3931609317633,5.81722555819236
CO,1998,R,D,4,READING,32.7126654160453,34.7546901300173,26.3365360485029,6.19610840543452
CO,1998,R,D,8,READING,22.927819770258,47.1910697691387,27.9169146038281,1.96419585677516
CO,1990,R,D,8,MATHEMATICS,42.5306967679472,40.589319688095,15.0089153675336,1.87106817642412
CT,1992,D,?,4,MATHEMATICS,32.6723540995854,42.940038620918,21.4838893168991,2.90371796259747
CT,1992,D,?,4,READING,31.1502251140391,35.144793051157,27.4182543112148,6.28672752358906
CT,1992,D,?,8,MATHEMATICS,35.5592277025254,38.721738086316,22.5219942930058,3.19703991815282
CT,1996,D,?,4,MATHEMATICS,25.2692234668075,44.1021161746889,27.6879525612318,2.94070779727182
CT,1996,D,?,8,MATHEMATICS,29.7154200344147,39.6477455611826,25.5569025581045,5.0799318462981
CT,2000,D,?,4,MATHEMATICS,23.6282651599497,45.461989041143,27.913803686768,2.99594211213928
CT,2000,D,?,8,MATHEMATICS,29.9252998657828,37.02638917103,27.18717832026,5.86113264292717
CT,2003,D,?,4,MATHEMATICS,17.5950011344463,41.3495275190042,35.7105707550062,5.34490059154334
CT,2003,D,?,4,READING,26.3138490030315,31.1321654053042,30.0411934105214,12.5127921811428
CT,2003,D,?,8,MATHEMATICS,26.7699891911146,38.0072942087791,26.882027679431,8.34068892067535
CT,2003,D,?,8,READING,23.4134600569923,39.5776062036067,32.3101415537158,4.69879218568528
CT,2005,D,?,4,MATHEMATICS,15.7449045971618,41.7941079946097,35.9537442332199,6.50724317500863
CT,2005,D,?,4,READING,29.3718998039789,32.3078007348957,26.5820786952232,11.7382207659022
CT,2005,D,?,8,MATHEMATICS,30.1392104411279,35.297903072439,26.7389336853283,7.82395280110483
CT,2005,D,?,8,READING,25.5439182204675,40.83712890367,30.1158800942347,3.50307278162783
CT,2007,D,?,4,MATHEMATICS,16.0830450056524,39.2648165038406,37.3214581052025,7.33068038530451
CT,2007,D,?,4,READING,27.4400208846095,31.4043775212468,28.9937452672497,12.1618563268939
CT,2007,D,?,8,MATHEMATICS,27.2289594338559,38.0724717016362,26.2777830181393,8.42078584636864
CT,2007,D,?,8,READING,23.2960063938844,39.6008489504733,32.5191092517343,4.58403540390798
CT,2009,D,?,4,MATHEMATICS,14.4937434138096,39.330165162542,37.8700511141609,8.30604030948752
CT,2009,D,?,4,READING,24.3964463112761,33.1683619090557,30.9744660353277,11.4607257443405
CT,2009,D,?,4,SCIENCE,22.2456450668424,37.6226386754052,39.5956097029097,0.536106554842608
CT,2009,D,?,8,MATHEMATICS,21.8679910024274,38.3648010302599,29.6200892340278,10.1471187332849
CT,2009,D,?,8,READING,18.7331308111719,38.7424238074574,37.805000993219,4.71944438815164
CT,2009,D,?,8,SCIENCE,30.6803641956618,34.1660352263089,33.3768672832894,1.77673329473991
CT,2011,D,?,4,MATHEMATICS,18.1330903174294,36.41996130864,37.2107898763155,8.23615849761512
CT,2011,D,?,4,READING,26.9216764725985,31.0804966437398,29.8845815438185,12.1132453398432
CT,2011,D,?,8,MATHEMATICS,24.6785267634866,37.1946225155708,28.2846349721722,9.84221574877035
CT,2011,D,?,8,READING,16.6651789568774,38.6159706188262,38.3246761607659,6.39417426353051
CT,2011,D,?,8,SCIENCE,31.2653053209954,33.5429517619442,33.1718847831466,2.01985813391376
CT,2013,D,?,4,MATHEMATICS,16.5017369426265,38.3490365586907,36.4430040493554,8.70622244932736
CT,2013,D,?,4,READING,23.9690477712158,33.4700063654007,30.5807430786323,11.9802027847511
CT,2013,D,?,8,MATHEMATICS,26.18452016826,36.7070885039081,27.0303669363432,10.0780243914887
CT,2013,D,?,8,READING,17.2925707233522,37.6097629793891,38.6322607153102,6.46540558194842
CT,2015,D,?,4,MATHEMATICS,19.4714248088307,39.6361199171834,33.736501225303,7.15595404868282
CT,2015,D,?,4,READING,25.6586839574007,30.8841121638166,30.515344249132,12.9418596296508
CT,2015,D,?,4,SCIENCE,22.9521037981957,39.1458602639533,37.2660388563986,0.635997081452412
CT,2015,D,?,8,MATHEMATICS,27.7156742855967,36.2205361772384,26.3299919115529,9.73379762561202
CT,2015,D,?,8,READING,18.0624908366075,38.6669314767315,36.8084538448601,6.46212384180097
CT,2015,D,?,8,SCIENCE,30.4527956617918,34.5477213674112,33.3949885060799,1.60449446471713
CT,2017,D,?,4,MATHEMATICS,20.6671209455382,39.4079700102033,32.2556262717542,7.66928277250421
CT,2017,D,?,4,READING,26.1486186569723,31.121524360808,30.6182010983678,12.1116558838518
CT,2017,D,?,8,MATHEMATICS,27.9645413549907,35.810652160144,25.9762682769707,10.2485382078945
CT,2017,D,?,8,READING,19.7750870385757,36.4663353331664,37.0655344154525,6.69304321280542
CT,2019,D,?,4,MATHEMATICS,17.5399995547631,37.4623057404592,34.9076153240185,10.0900793807592
CT,2019,D,?,4,READING,29.9671893781603,29.9137122852788,28.5765562457171,11.5425420908438
CT,2019,D,?,8,MATHEMATICS,28.2634712217004,32.5089254191284,25.8035312799359,13.4240720792353
CT,2019,D,?,8,READING,22.4944926485883,36.4949331658253,35.2539730223176,5.7566011632688
CT,1994,D,?,4,READING,31.9238808441129,29.9211253238342,27.3897695857864,10.7652242462665
CT,1998,D,?,4,READING,23.7112116367821,32.7976495038733,32.2568252210633,11.2343136382813
CT,1998,D,?,8,READING,19.1067592097442,41.0475597256664,36.5054082523843,3.34027281220507
CT,2002,D,?,4,READING,25.5632439677022,31.6805154690413,30.9202351218596,11.8360054413969
CT,2002,D,?,8,READING,23.6342868369946,39.2651789175889,33.1800035470699,3.92053069834658
CT,1990,R,?,8,MATHEMATICS,40.1252610714643,38.1311796348375,18.3258132166638,3.41774607703437
DE,1992,D,R,4,MATHEMATICS,45.3609121547711,38.1120490548108,14.7377949587284,1.78924383168965
DE,1992,D,R,4,READING,42.5413772686504,33.2480122141045,19.5097460510373,4.70086446620783
DE,1992,D,R,8,MATHEMATICS,48.4008238960273,36.5344851716347,12.8110635910205,2.25362734131754
DE,1996,D,D,4,MATHEMATICS,46.4408547940545,37.6360983028422,14.5070965038503,1.41595039925291
DE,1996,D,D,8,MATHEMATICS,44.8628719729992,36.2214479891574,15.8707708925491,3.04490914529436
DE,2003,D,D,4,MATHEMATICS,19.3045526684627,49.59046165688,28.1843833297179,2.92060234493937
DE,2003,D,D,4,READING,29.1135959556805,38.1121714300193,26.2304856808927,6.54374693340742
DE,2003,D,D,8,MATHEMATICS,31.5381128906643,42.7738197794651,21.2884895668184,4.39957776305215
DE,2003,D,D,8,READING,23.2494000867904,45.7430158020315,28.6085377602538,2.3990463509243
DE,2005,D,D,4,MATHEMATICS,15.7606446938649,48.0942183907222,31.7103528158667,4.43478409954619
DE,2005,D,D,4,READING,26.681806516499,39.1004392345946,27.6142435227332,6.60351072617322
DE,2005,D,D,8,MATHEMATICS,27.6993159486592,42.6344940436318,24.6504394349428,5.01575057276611
DE,2005,D,D,8,READING,19.9446240928686,49.7995561440825,28.5807803360057,1.67503942704325
DE,2007,D,D,4,MATHEMATICS,13.062609151945,46.9871362803914,35.5876371527335,4.36261741493015
DE,2007,D,D,4,READING,27.3695372832456,38.857951159791,27.0031066691401,6.76940488782323
DE,2007,D,D,8,MATHEMATICS,25.7427914284476,42.9400891521453,24.6777686986448,6.63935072076234
DE,2007,D,D,8,READING,22.774386934825,46.6887475625658,28.2877071932218,2.24915830938738
DE,2009,D,D,4,MATHEMATICS,16.3333422822391,47.2481940811271,31.4938209585962,4.92464267803759
DE,2009,D,D,4,READING,27.2603216560205,37.6319892308585,27.6295643410156,7.4781247721055
DE,2009,D,D,4,SCIENCE,23.1840401180824,43.2939405119924,33.0618654727492,0
DE,2009,D,D,8,MATHEMATICS,24.5446990159574,43.7439317421252,25.5019137545802,6.20945548733718
DE,2009,D,D,8,READING,22.2901867181127,47.0626392329509,28.7783841457997,1.86878990313673
DE,2009,D,D,8,SCIENCE,37.886668975574,37.0405601974519,24.4617597054156,0.611011121558538
DE,2011,D,D,4,MATHEMATICS,16.2801503414374,45.1519696209706,33.5649407768465,5.00293926074539
DE,2011,D,D,4,READING,27.6886291268057,36.1648660410054,28.7456310322942,7.40087379989462
DE,2011,D,D,8,MATHEMATICS,26.3080189845819,41.7706194591695,24.9969694196424,6.92439213660621
DE,2011,D,D,8,READING,22.8806047881257,44.4292084034033,29.3911192403857,3.29906756808519
DE,2011,D,D,8,SCIENCE,36.8271858209631,35.6286160842976,26.4615388779361,1.08265921680323
DE,2013,D,D,4,MATHEMATICS,14.1431001342337,43.7284792408277,34.9399815570698,7.18843906786881
DE,2013,D,D,4,READING,27.2611295918297,34.7370999243586,29.2309866026413,8.77078388117042
DE,2013,D,D,8,MATHEMATICS,28.7354622531611,38.5500398927934,24.7073656236353,8.00713223041019
DE,2013,D,D,8,READING,23.473484228797,43.1856354741432,29.6751980166757,3.66568228038411
DE,2015,D,D,4,MATHEMATICS,18.2381727174554,44.9629580201832,31.7192549719077,5.07961429045369
DE,2015,D,D,4,READING,29.9196284506809,32.9652320732061,27.9543023972258,9.16083707888725
DE,2015,D,D,4,SCIENCE,25.8743263862125,41.5760635242749,32.030819234018,0.518790855494549
DE,2015,D,D,8,MATHEMATICS,31.0495838002081,39.421513543429,22.4089133079536,7.1199893484093
DE,2015,D,D,8,READING,26.6125014779165,42.3140739226837,27.9395030911892,3.1339215082106
DE,2015,D,D,8,SCIENCE,37.870440446612,33.2437748934123,27.369662669995,1.5161219899806
DE,2017,D,D,4,MATHEMATICS,23.2947810812893,40.781959286232,29.0602593131784,6.86300031930026
DE,2017,D,D,4,READING,32.8854297776398,31.2975100204995,26.519773309588,9.29728689227274
DE,2017,D,D,8,MATHEMATICS,33.8373122741604,37.708038213126,20.5685360473393,7.88611346537428
DE,2017,D,D,8,READING,27.8912883434043,39.3516563327475,28.9983416593492,3.75871366449897
DE,2019,D,D,4,MATHEMATICS,21.2621176045314,39.5966213395811,29.7867104359189,9.35455061996859
DE,2019,D,D,4,READING,37.5799100644388,29.9086631305145,23.7987061533342,8.71272065171243
DE,2019,D,D,8,MATHEMATICS,34.7740342365371,36.0018992352937,22.0146500367742,7.20941649139493
DE,2019,D,D,8,READING,30.968167395028,38.0716736464193,27.0075587447761,3.95260021377656
DE,1994,D,D,4,READING,47.6755233446465,29.3526865132509,17.9715203468898,5.00026979521287
DE,1998,D,D,4,READING,46.8102551596327,30.7020396200267,17.607735859333,4.87996936100758
DE,1998,D,D,8,READING,36.2726170946538,40.3886732979477,21.4734466717228,1.86526293567572
DE,2002,D,D,4,READING,29.1782268334824,36.1325596333277,26.6825692382017,8.00664429498814
DE,2002,D,D,8,READING,19.3545397872355,47.7604729402481,30.7418826766722,2.14310459584423
DE,1990,R,R,8,MATHEMATICS,52.2200392493349,33.6076534124654,12.2998721641562,1.87243517404343
DC,1992,D,?,4,MATHEMATICS,76.9211473874465,17.6087329595545,4.60504140023311,0.865078252765956
DC,1992,D,?,4,READING,69.5583848368343,20.9393980488105,7.67378171405507,1.82843540030008
DC,1992,D,?,4,SCIENCE,1.82843540030008,1.82843540030008,1.82843540030008,1.82843540030008
DC,1992,D,?,8,MATHEMATICS,78.1711533467718,17.4503844013321,3.77284940768241,0.605612844213762
DC,1996,D,?,4,MATHEMATICS,79.9355838318605,14.9768617005463,4.1806879769139,0.90686649067936
DC,1996,D,?,8,MATHEMATICS,80.1554327955242,14.4845626061932,4.173137041467,1.18686755681556
DC,2000,D,?,4,MATHEMATICS,75.7628441044689,18.7644797047666,4.53149627588392,0.941179914880598
DC,2000,D,?,8,MATHEMATICS,77.2872071701947,17.1605692035214,4.37828116846966,1.17394245781424
DC,2003,D,?,4,MATHEMATICS,63.6238598844895,29.2763100536848,5.99680125611299,1.10302880571271
DC,2003,D,?,4,READING,69.0407025236421,20.5516577586135,7.61439075398039,2.79324896376403
DC,2003,D,?,4,SCIENCE,2.79324896376403,2.79324896376403,2.79324896376403,2.79324896376403
DC,2003,D,?,8,MATHEMATICS,70.6295936693583,23.4518744186483,4.74385195838929,1.17467995360414
DC,2003,D,?,8,READING,52.9020122221733,36.7204943618716,9.2127626174976,1.1647307984575
DC,2005,D,?,4,MATHEMATICS,55.4263465390529,34.9749852018542,8.30733169543452,1.29133656365836
DC,2005,D,?,4,READING,66.9671958612231,21.7931794438699,8.99630999120989,2.2433147036971
DC,2005,D,?,4,SCIENCE,2.2433147036971,2.2433147036971,2.2433147036971,2.2433147036971
DC,2005,D,?,8,MATHEMATICS,69.2955761544218,23.8358117198821,5.1143223437521,1.75428978194398
DC,2005,D,?,8,READING,54.9742959405233,33.3713693997622,10.5307790824583,1.12355557725618
DC,2007,D,?,4,MATHEMATICS,50.7293652140959,35.7421252707261,11.0108323803694,2.51767713480849
DC,2007,D,?,4,READING,61.2674702700495,24.9237508021419,10.2993059636612,3.50947296414737
