state,year,pres,gov,grade,subject,bb,ba,pr,ad
AR,1992,D,D,4,MATHEMATICS,53.082815093455,37.2203074188187,9.31296464479033,0
AR,1992,D,D,4,READING,44.2426728889577,33.1011161336003,18.9370042800253,3.71920669741667
AR,1992,D,D,8,MATHEMATICS,55.7316100560106,34.2639694275917,9.26694616120334,0.737474355194316
AR,1996,D,R,4,MATHEMATICS,45.9468230185471,40.7792751483908,12.5977294522199,0.676172380842222
AR,1996,D,R,8,MATHEMATICS,48.0885553248211,38.7699459936774,11.5269441340162,1.61455454748525
AR,2000,R,R,4,MATHEMATICS,45.0723355442967,41.3533416789435,12.9581792673654,0.616143509394336
AR,2000,R,R,8,MATHEMATICS,51.4823615432106,35.0284812824399,12.1883625117256,1.30079466262383
AR,2003,R,R,4,MATHEMATICS,28.8495126849806,44.9553526813606,23.9431685522632,2.2519660813957
AR,2003,R,R,4,READING,40.3711233630413,31.5064642778892,21.9573079543602,6.16510440470922
AR,2003,R,R,8,MATHEMATICS,42.0826297063664,39.3629634855033,16.3717658038632,2.18264100426706
AR,2003,R,R,8,READING,29.8536404933611,43.3668583506203,24.8575949436557,1.9219062123629
AR,2005,R,R,4,MATHEMATICS,22.1912975330578,43.8458969283351,29.7944792855014,4.16832625310577
AR,2005,R,R,4,READING,37.443114698588,32.8722095016364,23.4934470934416,6.1912287063339
AR,2005,R,R,8,MATHEMATICS,35.9439190216857,42.0365870491647,19.0653549274356,2.95413900171403
AR,2005,R,R,8,READING,30.9799519495624,43.1560270181671,24.1464697207808,1.71755131148969
AR,2007,R,D,4,MATHEMATICS,19.2815380930186,44.0064485095633,32.4094907217234,4.30252267569482
AR,2007,R,D,4,READING,36.4847100121007,34.9284816322031,23.1534192792975,5.4333890763987
AR,2007,R,D,8,MATHEMATICS,35.276297960709,40.3414913341577,20.6737500066708,3.7084606984625
AR,2007,R,D,8,READING,30.3750087786758,44.1996862024423,24.0678897498929,1.35741526898893
AR,2009,R,D,4,MATHEMATICS,19.9976406170797,43.7512844438275,31.3748510138556,4.87622392523721
AR,2009,R,D,4,READING,36.8942733090817,34.3487487436802,22.9105826004097,5.84639534682841
AR,2009,R,D,4,SCIENCE,31.1634550853968,40.1816621173587,28.3549008805621,0
AR,2009,R,D,8,MATHEMATICS,33.3864186086382,39.6307885928295,22.6436989802613,4.33909381827098
AR,2009,R,D,8,READING,30.7543036952093,42.5884904871817,24.5714406210846,2.08576519652449
AR,2009,R,D,8,SCIENCE,42.2003151373725,33.5722936762103,23.5980598136792,0.62933137273803
AR,2011,R,D,4,MATHEMATICS,19.4811364700966,43.2393823762585,32.8051849872874,4.47429616635757
AR,2011,R,D,4,READING,37.2334526560296,32.6757955566421,24.1703283729461,5.92042341438219
AR,2011,R,D,8,MATHEMATICS,30.2275168946483,40.5158446066665,24.4603380740228,4.79630042466231
AR,2011,R,D,8,READING,29.4336716680995,42.7295731959068,26.2012096970237,1.63554543897001
AR,2011,R,D,8,SCIENCE,38.684438428494,34.842918245644,25.6853094153189,0.787333910543112
AR,2013,R,D,4,MATHEMATICS,17.078247594566,43.6359489312275,34.0814092568064,5.20439421740007
AR,2013,R,D,4,READING,34.016586176084,34.3436644518357,24.9661067856295,6.67364258645084
AR,2013,R,D,8,MATHEMATICS,30.9620356427692,41.3571854337425,23.168437386279,4.51234153720921
AR,2013,R,D,8,READING,27.1769987894995,42.4914795081041,27.4104046902245,2.92111701217189
AR,2015,R,R,4,MATHEMATICS,21.3959157181927,46.6491212039039,28.4721407926837,3.48282228521959
AR,2015,R,R,4,READING,34.9460812807004,33.5311069323227,25.3316949114329,6.19111687554406
AR,2015,R,R,4,SCIENCE,26.5225792185473,40.2367324414977,32.8906075981395,0
AR,2015,R,R,8,MATHEMATICS,34.081858250964,40.9999468255295,21.0867463452856,3.83144857822088
AR,2015,R,R,8,READING,29.9226121474414,43.261859703996,24.6387327992781,2.17679534928449
AR,2015,R,R,8,SCIENCE,38.3957153752583,33.4750515611412,27.1652756631359,0.963957400464592
AR,2017,R,R,4,MATHEMATICS,24.9969456217906,42.2704660008346,27.8019194237949,4.93066895357988
AR,2017,R,R,4,READING,37.1375373800303,31.6084581486657,24.523491984016,6.73051248728796
AR,2017,R,R,8,MATHEMATICS,37.8922312009186,36.6287968954561,20.0924712003242,5.38650070330115
AR,2017,R,R,8,READING,28.7664128197598,42.5623599738834,26.1407884001433,2.53043880621341
AR,2019,R,R,4,MATHEMATICS,24.8843159898883,41.8669236976035,28.7214466144615,4.52731369804673
AR,2019,R,R,4,READING,37.8845000566143,30.9250253027804,24.1584375900541,7.03203705055118
AR,2019,R,R,8,MATHEMATICS,36.9572348327021,35.734503294109,21.3673816069973,5.94088026619172
AR,2019,R,R,8,READING,31.8630070506813,38.6216203446029,26.0366766225185,3.47869598219737
AR,1994,D,D,4,READING,46.4403193383911,29.6169296036487,19.235026834573,4.70772422338717
AR,1998,D,R,4,READING,45.9016366645321,31.5512565536883,18.1518809686411,4.39522581313846
AR,1998,D,R,8,READING,31.6791812642345,45.0021743789306,22.1096007341233,1.20904362271157
AR,2002,R,R,4,READING,41.655435422728,32.5695861937397,20.834270373113,4.94070801041934
AR,2002,R,R,8,READING,28.0742268990979,44.6279157238078,25.5051949202371,1.79266245685712
AR,1990,R,D,8,MATHEMATICS,56.1112956434446,34.5796084056806,8.59395921116518,0.715136739709673
CA,1992,D,R,4,MATHEMATICS,53.6081846916192,34.0270786236083,11.1003326959594,1.26440398881316
CA,1992,D,R,4,READING,52.3897184156746,28.1366815518813,15.8425659508863,3.63103408155775
CA,1992,D,R,8,MATHEMATICS,49.5882823542234,34.2360481791921,13.9914711324639,2.18419833412064
CA,1996,D,R,4,MATHEMATICS,54.2255793650571,35.1433232993551,9.71558369775136,0.915513637836454
CA,1996,D,R,8,MATHEMATICS,48.6202706455631,34.5218919297164,14.0516051417005,2.80623228302002
CA,2000,D,D,4,MATHEMATICS,50.3895459516941,36.8094007465141,12.1690368654339,0.632016436357911
CA,2000,D,D,8,MATHEMATICS,50.2574172549596,33.0027059726209,14.2949768947568,2.44489987766269
CA,2003,D,R,4,MATHEMATICS,32.8503935213188,42.4237905213829,21.7613634725772,2.96445248472115
CA,2003,D,R,4,READING,50.4356438316767,28.4788925961353,16.1114084054173,4.97405516677063
CA,2003,D,R,8,MATHEMATICS,44.2777331551868,34.0173695249036,17.3132391761127,4.39165814379692
CA,2003,D,R,8,READING,38.8203635969146,38.7365110200279,20.4778540835596,1.96527129949779
CA,2005,D,R,4,MATHEMATICS,29.0858627165923,42.9082123453362,24.2116723666637,3.79425257140781
CA,2005,D,R,4,READING,50.0125330748192,28.5593052798486,16.6658448405535,4.76231680477865
CA,2005,D,R,8,MATHEMATICS,42.9531237221903,35.2912930277291,17.2360427806037,4.51954046947682
CA,2005,D,R,8,READING,40.2207795922253,39.2379295396991,18.9471941273894,1.59409674068617
CA,2007,D,R,4,MATHEMATICS,30.4371732141858,39.8928094364109,25.2311816806359,4.4388356687674
CA,2007,D,R,4,READING,46.8313920148385,30.263557547634,17.7747682474622,5.13028219006532
CA,2007,D,R,8,MATHEMATICS,40.9155722263535,35.1566347341608,19.0096652612558,4.91812777822985
CA,2007,D,R,8,READING,37.7498483981795,40.7842540334712,19.7943948496264,1.67150271872293
CA,2009,D,R,4,MATHEMATICS,28.3144977430998,41.441003894236,24.8841411825542,5.36035718010989
CA,2009,D,R,4,READING,46.0551395634248,30.2719720407368,18.4914125765971,5.18147581924128
CA,2009,D,R,4,SCIENCE,42.3269885959177,35.234835798783,21.9249182662749,0.513257339024412
CA,2009,D,R,8,MATHEMATICS,40.9443957694147,35.6220496493158,18.3128018409827,5.12075274028677
CA,2009,D,R,8,READING,36.3967852385139,41.3572020407729,20.4212790380271,1.82473368268605
CA,2009,D,R,8,SCIENCE,51.6174725377113,28.7545044785566,18.7429167803455,0.885106203386647
CA,2011,D,D,4,MATHEMATICS,26.1671600710309,40.0279848391429,27.5024011851177,6.3024539047086
CA,2011,D,D,4,READING,43.6256600600278,31.7652541487259,18.8562615030455,5.75282428820082
CA,2011,D,D,8,MATHEMATICS,38.5585828477995,36.1045698809236,19.1193517655919,6.21749550568498
CA,2011,D,D,8,READING,34.6520932903803,41.6446867105412,21.0094909985785,2.69372900049997
CA,2011,D,D,8,SCIENCE,47.4691976252881,30.122175860395,21.4913208498206,0.917305664496318
CA,2013,D,D,4,MATHEMATICS,26.2424813668975,41.1612583826808,27.2321034028588,5.36415684756288
CA,2013,D,D,4,READING,41.8146687861929,31.2839198440107,20.9858439665926,5.91556740320378
CA,2013,D,D,8,MATHEMATICS,35.3090627541428,37.1156216637556,21.1237486466451,6.4515669354565
CA,2013,D,D,8,READING,27.9092194050124,42.7780116680854,26.3179445487115,2.99482437819068
CA,2015,D,D,4,MATHEMATICS,27.6386825575272,43.1983399410318,24.504857308257,4.658120193184
CA,2015,D,D,4,READING,41.37583136478,30.8285049947462,21.5811737325281,6.21448990794564
CA,2015,D,D,4,SCIENCE,37.1122479560563,38.8854891400308,23.5335483637023,0
CA,2015,D,D,8,MATHEMATICS,36.1492126310995,36.7278978950842,20.7022691302576,6.4206203435588
CA,2015,D,D,8,READING,29.7656073749008,41.8261991198,25.899612232301,2.50858127299821
CA,2015,D,D,8,SCIENCE,44.3434827844679,32.1196497092031,22.3919123310286,1.14495517530042
CA,2017,D,D,4,MATHEMATICS,28.983493792924,39.800781128935,24.9670636333732,6.24866144476786
CA,2017,D,D,4,READING,39.0126528184512,29.8527069778235,23.0289255053434,8.1057146983819
CA,2017,D,D,8,MATHEMATICS,37.5690754439242,33.2916283829212,19.7259796183018,9.41331655485286
CA,2017,D,D,8,READING,27.7156245940368,40.0645999661922,28.0538789432961,4.16589649647494
CA,2019,D,D,4,MATHEMATICS,25.4229904885172,40.9499901871485,26.6885806907104,6.93843863362387
CA,2019,D,D,4,READING,37.4511638822822,30.402184621804,23.7022005850897,8.44445091082405
CA,2019,D,D,8,MATHEMATICS,39.0412624479099,32.4519686843517,18.9550906727995,9.55167819493889
CA,2019,D,D,8,READING,32.1880487399076,37.9744234336553,25.8313088811876,4.00621894524944
CA,1994,D,R,4,READING,55.6562718071964,26.8254251971239,14.0966307321416,3.42167226353812
CA,1998,D,R,4,READING,51.8631283191141,27.8110557742442,16.243177934367,4.0826379722747
CA,1998,D,R,8,READING,36.7272783369106,42.2650594895464,20.2574736041973,0.750188569345685
CA,2002,D,D,4,READING,49.6097935429467,29.3107833148303,17.059221380638,4.02020176158496
CA,2002,D,D,8,READING,39.0308242310753,40.8851000413473,18.9867027883915,1.09737293918585
CA,1990,R,R,8,MATHEMATICS,55.379535667087,32.1666367582519,10.7999414450362,1.65388612962495
CO,1992,D,D,4,MATHEMATICS,39.1724382814397,43.3321037335379,15.9495323624301,1.54592562259224
CO,1992,D,D,4,READING,36.2519377250155,38.46860812021,21.4272962314495,3.85215792332501
CO,1992,D,D,8,MATHEMATICS,36.1072823780984,42.2994081643015,19.4933528688947,2.09995658870537
CO,1996,R,D,4,MATHEMATICS,33.1084272805985,44.7068903767074,20.4408442750602,1.74383806763382
CO,1996,R,D,8,MATHEMATICS,33.3811974429439,41.2123931825294,22.2352994470055,3.17110992752122
CO,2003,R,R,4,MATHEMATICS,23.0065856151925,43.0982739666374,29.7353820468904,4.15975837127969
CO,2003,R,R,4,READING,30.6029637502942,32.6421339512933,27.8168715153139,8.93803078309859
CO,2003,R,R,8,MATHEMATICS,26.175525039024,39.4485456651379,26.8702533468057,7.50567594903236
CO,2003,R,R,8,READING,22.3469864272423,41.6554230654518,31.7512725985817,4.24631790872428
CO,2005,R,R,4,MATHEMATICS,19.4942964720304,41.702899626887,32.5588740283918,6.24392987269076
CO,2005,R,R,4,READING,30.5132079084696,32.9245922377473,28.2455451838728,8.31665466991032
CO,2005,R,R,8,MATHEMATICS,29.5211282130747,38.4575105583391,25.7232250878467,6.29813614073946
CO,2005,R,R,8,READING,24.5556646157313,43.5486910422989,28.4243129075554,3.47133143441438
CO,2007,R,D,4,MATHEMATICS,18.2216800907374,40.5812143349805,34.9676849996097,6.22942057467237
CO,2007,R,D,4,READING,30.023518121766,33.7948225909988,27.1376393691455,9.04401991808977
CO,2007,R,D,8,MATHEMATICS,24.9178209067668,37.675470126533,27.8701566082807,9.53655235841954
CO,2007,R,D,8,READING,21.277729816228,44.1384306683757,32.2299347068362,2.35390480856012
CO,2009,D,D,4,MATHEMATICS,16.2098627636573,38.5579867386531,37.1287756942612,8.10337480342842
CO,2009,D,D,4,READING,27.9736377424178,31.8078786674549,29.7105896889503,10.507893901177
CO,2009,D,D,4,SCIENCE,22.8260149592026,38.2242703344004,38.2305772499625,0.719137456434475
CO,2009,D,D,8,MATHEMATICS,24.492974551133,35.7997003330843,29.6765256421734,10.0307994736093
CO,2009,D,D,8,READING,21.8529512663402,45.7154527254269,30.2311712459939,2.200424762239
CO,2009,D,D,8,SCIENCE,29.9714156215937,34.4455153875649,33.9202728488298,1.6627961420117
CO,2011,D,D,4,MATHEMATICS,15.6662193106829,37.4963047055875,37.1861821376153,9.65129384611428
CO,2011,D,D,4,READING,29.3236737993075,32.170343020049,29.2084443577491,9.29753882289435
CO,2011,D,D,8,MATHEMATICS,19.8109549576677,36.7305036301731,31.1885257720342,12.270015640125
CO,2011,D,D,8,READING,18.9308326015548,40.75840921969,36.1065959549956,4.20416222375957
CO,2011,D,D,8,SCIENCE,25.3198684122314,32.3062491238189,39.4112887298828,2.96259373406691
CO,2013,D,D,4,MATHEMATICS,12.9951181956651,37.0694990534593,39.3055963529756,10.6297863979
CO,2013,D,D,4,READING,25.9036923711143,33.458738802131,30.3310279406279,10.3065408861267
CO,2013,D,D,8,MATHEMATICS,23.0437363804285,35.0442071312981,29.7699996997162,12.1420567885572
CO,2013,D,D,8,READING,18.6930110212291,41.4677727159668,35.2607721267938,4.5784441360103
CO,2015,D,D,4,MATHEMATICS,17.9911669163804,39.349123523491,34.2248971103049,8.4348124498237
CO,2015,D,D,4,READING,29.3868606772608,32.0117180545422,28.9043494802167,9.69707178798039
CO,2015,D,D,8,MATHEMATICS,26.7590093769187,36.3078944733683,26.6075177886694,10.3255783610436
CO,2015,D,D,8,READING,21.7192996420521,40.0531811578623,34.9178770859847,3.30964211410095
CO,2017,D,D,4,MATHEMATICS,19.8699727606723,37.7458930037247,33.6181015238624,8.76603271174066
CO,2017,D,D,4,READING,29.3671684860512,30.7018620657701,29.5785304058409,10.3524390423378
CO,2017,D,D,8,MATHEMATICS,26.1815675879297,35.5525565108216,26.6733343575374,11.5925415437113
CO,2017,D,D,8,READING,20.6392927029251,38.8430280187892,34.9190859426406,5.59859333564508
CO,2019,D,D,4,MATHEMATICS,19.5234366114008,36.0152266283403,34.0537832380533,10.4075535222056
CO,2019,D,D,4,READING,29.2008087151219,31.126052170288,28.7948893760506,10.8782497385395
CO,2019,D,D,8,MATHEMATICS,27.4782119017557,35.5867749336112,26.1973912277551,10.737621936878
CO,2019,D,D,8,READING,23.1250262476992,39.2189466676659,33.0523382951197,4.60368878951516
CO,1994,D,D,4,READING,40.6530978255105,31.1365156845338,22.3931609317633,5.81722555819236
CO,1998,R,D,4,READING,32.7126654160453,34.7546901300173,26.3365360485029,6.19610840543452
CO,1998,R,D,8,READING,22.927819770258,47.1910697691387,27.9169146038281,1.96419585677516
CO,1990,R,D,8,MATHEMATICS,42.5306967679472,40.589319688095,15.0089153675336,1.87106817642412
CT,1992,D,?,4,MATHEMATICS,32.6723540995854,42.940038620918,21.4838893168991,2.90371796259747
CT,1992,D,?,4,READING,31.1502251140391,35.144793051157,27.4182543112148,6.28672752358906
CT,1992,D,?,8,MATHEMATICS,35.5592277025254,38.721738086316,22.5219942930058,3.19703991815282
CT,1996,D,?,4,MATHEMATICS,25.2692234668075,44.1021161746889,27.6879525612318,2.94070779727182
CT,1996,D,?,8,MATHEMATICS,29.7154200344147,39.6477455611826,25.5569025581045,5.0799318462981
CT,2000,D,?,4,MATHEMATICS,23.6282651599497,45.461989041143,27.913803686768,2.99594211213928
CT,2000,D,?,8,MATHEMATICS,29.9252998657828,37.02638917103,27.18717832026,5.86113264292717
CT,2003,D,?,4,MATHEMATICS,17.5950011344463,41.3495275190042,35.7105707550062,5.34490059154334
CT,2003,D,?,4,READING,26.3138490030315,31.1321654053042,30.0411934105214,12.5127921811428
CT,2003,D,?,8,MATHEMATICS,26.7699891911146,38.0072942087791,26.882027679431,8.34068892067535
CT,2003,D,?,8,READING,23.4134600569923,39.5776062036067,32.3101415537158,4.69879218568528
CT,2005,D,?,4,MATHEMATICS,15.7449045971618,41.7941079946097,35.9537442332199,6.50724317500863
CT,2005,D,?,4,READING,29.3718998039789,32.3078007348957,26.5820786952232,11.7382207659022
CT,2005,D,?,8,MATHEMATICS,30.1392104411279,35.297903072439,26.7389336853283,7.82395280110483
CT,2005,D,?,8,READING,25.5439182204675,40.83712890367,30.1158800942347,3.50307278162783
CT,2007,D,?,4,MATHEMATICS,16.0830450056524,39.2648165038406,37.3214581052025,7.33068038530451
CT,2007,D,?,4,READING,27.4400208846095,31.4043775212468,28.9937452672497,12.1618563268939
CT,2007,D,?,8,MATHEMATICS,27.2289594338559,38.0724717016362,26.2777830181393,8.42078584636864
CT,2007,D,?,8,READING,23.2960063938844,39.6008489504733,32.5191092517343,4.58403540390798
CT,2009,D,?,4,MATHEMATICS,14.4937434138096,39.330165162542,37.8700511141609,8.30604030948752
CT,2009,D,?,4,READING,24.3964463112761,33.1683619090557,30.9744660353277,11.4607257443405
CT,2009,D,?,4,SCIENCE,22.2456450668424,37.6226386754052,39.5956097029097,0.536106554842608
CT,2009,D,?,8,MATHEMATICS,21.8679910024274,38.3648010302599,29.6200892340278,10.1471187332849
CT,2009,D,?,8,READING,18.7331308111719,38.7424238074574,37.805000993219,4.71944438815164
CT,2009,D,?,8,SCIENCE,30.6803641956618,34.1660352263089,33.3768672832894,1.77673329473991
CT,2011,D,?,4,MATHEMATICS,18.1330903174294,36.41996130864,37.2107898763155,8.23615849761512
CT,2011,D,?,4,READING,26.9216764725985,31.0804966437398,29.8845815438185,12.1132453398432
CT,2011,D,?,8,MATHEMATICS,24.6785267634866,37.1946225155708,28.2846349721722,9.84221574877035
CT,2011,D,?,8,READING,16.6651789568774,38.6159706188262,38.3246761607659,6.39417426353051
CT,2011,D,?,8,SCIENCE,31.2653053209954,33.5429517619442,33.1718847831466,2.01985813391376
CT,2013,D,?,4,MATHEMATICS,16.5017369426265,38.3490365586907,36.4430040493554,8.70622244932736
CT,2013,D,?,4,READING,23.9690477712158,33.4700063654007,30.5807430786323,11.9802027847511
CT,2013,D,?,8,MATHEMATICS,26.18452016826,36.7070885039081,27.0303669363432,10.0780243914887
CT,2013,D,?,8,READING,17.2925707233522,37.6097629793891,38.6322607153102,6.46540558194842
CT,2015,D,?,4,MATHEMATICS,19.4714248088307,39.6361199171834,33.736501225303,7.15595404868282
CT,2015,D,?,4,READING,25.6586839574007,30.8841121638166,30.515344249132,12.9418596296508
CT,2015,D,?,4,SCIENCE,22.9521037981957,39.1458602639533,37.2660388563986,0.635997081452412
CT,2015,D,?,8,MATHEMATICS,27.7156742855967,36.2205361772384,26.3299919115529,9.73379762561202
CT,2015,D,?,8,READING,18.0624908366075,38.6669314767315,36.8084538448601,6.46212384180097
CT,2015,D,?,8,SCIENCE,30.4527956617918,34.5477213674112,33.3949885060799,1.60449446471713
CT,2017,D,?,4,MATHEMATICS,20.6671209455382,39.4079700102033,32.2556262717542,7.66928277250421
CT,2017,D,?,4,READING,26.1486186569723,31.121524360808,30.6182010983678,12.1116558838518
CT,2017,D,?,8,MATHEMATICS,27.9645413549907,35.810652160144,25.9762682769707,10.2485382078945
CT,2017,D,?,8,READING,19.7750870385757,36.4663353331664,37.0655344154525,6.69304321280542
CT,2019,D,?,4,MATHEMATICS,17.5399995547631,37.4623057404592,34.9076153240185,10.0900793807592
CT,2019,D,?,4,READING,29.9671893781603,29.9137122852788,28.5765562457171,11.5425420908438
CT,2019,D,?,8,MATHEMATICS,28.2634712217004,32.5089254191284,25.8035312799359,13.4240720792353
CT,2019,D,?,8,READING,22.4944926485883,36.4949331658253,35.2539730223176,5.7566011632688
CT,1994,D,?,4,READING,31.9238808441129,29.9211253238342,27.3897695857864,10.7652242462665
CT,1998,D,?,4,READING,23.7112116367821,32.7976495038733,32.2568252210633,11.2343136382813
CT,1998,D,?,8,READING,19.1067592097442,41.0475597256664,36.5054082523843,3.34027281220507
CT,2002,D,?,4,READING,25.5632439677022,31.6805154690413,30.9202351218596,11.8360054413969
CT,2002,D,?,8,READING,23.6342868369946,39.2651789175889,33.1800035470699,3.92053069834658
CT,1990,R,?,8,MATHEMATICS,40.1252610714643,38.1311796348375,18.3258132166638,3.41774607703437
DE,1992,D,R,4,MATHEMATICS,45.3609121547711,38.1120490548108,14.7377949587284,1.78924383168965
DE,1992,D,R,4,READING,42.5413772686504,33.2480122141045,19.5097460510373,4.70086446620783
DE,1992,D,R,8,MATHEMATICS,48.4008238960273,36.5344851716347,12.8110635910205,2.25362734131754
DE,1996,D,D,4,MATHEMATICS,46.4408547940545,37.6360983028422,14.5070965038503,1.41595039925291
DE,1996,D,D,8,MATHEMATICS,44.8628719729992,36.2214479891574,15.8707708925491,3.04490914529436
DE,2003,D,D,4,MATHEMATICS,19.3045526684627,49.59046165688,28.1843833297179,2.92060234493937
DE,2003,D,D,4,READING,29.1135959556805,38.1121714300193,26.2304856808927,6.54374693340742
DE,2003,D,D,8,MATHEMATICS,31.5381128906643,42.7738197794651,21.2884895668184,4.39957776305215
DE,2003,D,D,8,READING,23.2494000867904,45.7430158020315,28.6085377602538,2.3990463509243
DE,2005,D,D,4,MATHEMATICS,15.7606446938649,48.0942183907222,31.7103528158667,4.43478409954619
DE,2005,D,D,4,READING,26.681806516499,39.1004392345946,27.6142435227332,6.60351072617322
DE,2005,D,D,8,MATHEMATICS,27.6993159486592,42.6344940436318,24.6504394349428,5.01575057276611
DE,2005,D,D,8,READING,19.9446240928686,49.7995561440825,28.5807803360057,1.67503942704325
DE,2007,D,D,4,MATHEMATICS,13.062609151945,46.9871362803914,35.5876371527335,4.36261741493015
DE,2007,D,D,4,READING,27.3695372832456,38.857951159791,27.0031066691401,6.76940488782323
DE,2007,D,D,8,MATHEMATICS,25.7427914284476,42.9400891521453,24.6777686986448,6.63935072076234
DE,2007,D,D,8,READING,22.774386934825,46.6887475625658,28.2877071932218,2.24915830938738
DE,2009,D,D,4,MATHEMATICS,16.3333422822391,47.2481940811271,31.4938209585962,4.92464267803759
DE,2009,D,D,4,READING,27.2603216560205,37.6319892308585,27.6295643410156,7.4781247721055
DE,2009,D,D,4,SCIENCE,23.1840401180824,43.2939405119924,33.0618654727492,0
DE,2009,D,D,8,MATHEMATICS,24.5446990159574,43.7439317421252,25.5019137545802,6.20945548733718
DE,2009,D,D,8,READING,22.2901867181127,47.0626392329509,28.7783841457997,1.86878990313673
DE,2009,D,D,8,SCIENCE,37.886668975574,37.0405601974519,24.4617597054156,0.611011121558538
DE,2011,D,D,4,MATHEMATICS,16.2801503414374,45.1519696209706,33.5649407768465,5.00293926074539
DE,2011,D,D,4,READING,27.6886291268057,36.1648660410054,28.7456310322942,7.40087379989462
DE,2011,D,D,8,MATHEMATICS,26.3080189845819,41.7706194591695,24.9969694196424,6.92439213660621
DE,2011,D,D,8,READING,22.8806047881257,44.4292084034033,29.3911192403857,3.29906756808519
DE,2011,D,D,8,SCIENCE,36.8271858209631,35.6286160842976,26.4615388779361,1.08265921680323
DE,2013,D,D,4,MATHEMATICS,14.1431001342337,43.7284792408277,34.9399815570698,7.18843906786881
DE,2013,D,D,4,READING,27.2611295918297,34.7370999243586,29.2309866026413,8.77078388117042
DE,2013,D,D,8,MATHEMATICS,28.7354622531611,38.5500398927934,24.7073656236353,8.00713223041019
DE,2013,D,D,8,READING,23.473484228797,43.1856354741432,29.6751980166757,3.66568228038411
DE,2015,D,D,4,MATHEMATICS,18.2381727174554,44.9629580201832,31.7192549719077,5.07961429045369
DE,2015,D,D,4,READING,29.9196284506809,32.9652320732061,27.9543023972258,9.16083707888725
DE,2015,D,D,4,SCIENCE,25.8743263862125,41.5760635242749,32.030819234018,0.518790855494549
DE,2015,D,D,8,MATHEMATICS,31.0495838002081,39.421513543429,22.4089133079536,7.1199893484093
DE,2015,D,D,8,READING,26.6125014779165,42.3140739226837,27.9395030911892,3.1339215082106
DE,2015,D,D,8,SCIENCE,37.870440446612,33.2437748934123,27.369662669995,1.5161219899806
DE,2017,D,D,4,MATHEMATICS,23.2947810812893,40.781959286232,29.0602593131784,6.86300031930026
DE,2017,D,D,4,READING,32.8854297776398,31.2975100204995,26.519773309588,9.29728689227274
DE,2017,D,D,8,MATHEMATICS,33.8373122741604,37.708038213126,20.5685360473393,7.88611346537428
DE,2017,D,D,8,READING,27.8912883434043,39.3516563327475,28.9983416593492,3.75871366449897
DE,2019,D,D,4,MATHEMATICS,21.2621176045314,39.5966213395811,29.7867104359189,9.35455061996859
DE,2019,D,D,4,READING,37.5799100644388,29.9086631305145,23.7987061533342,8.71272065171243
DE,2019,D,D,8,MATHEMATICS,34.7740342365371,36.0018992352937,22.0146500367742,7.20941649139493
DE,2019,D,D,8,READING,30.968167395028,38.0716736464193,27.0075587447761,3.95260021377656
DE,1994,D,D,4,READING,47.6755233446465,29.3526865132509,17.9715203468898,5.00026979521287
DE,1998,D,D,4,READING,46.8102551596327,30.7020396200267,17.607735859333,4.87996936100758
DE,1998,D,D,8,READING,36.2726170946538,40.3886732979477,21.4734466717228,1.86526293567572
DE,2002,D,D,4,READING,29.1782268334824,36.1325596333277,26.6825692382017,8.00664429498814
DE,2002,D,D,8,READING,19.3545397872355,47.7604729402481,30.7418826766722,2.14310459584423
DE,1990,R,R,8,MATHEMATICS,52.2200392493349,33.6076534124654,12.2998721641562,1.87243517404343
GA,1992,D,D,4,MATHEMATICS,46.870952578394,37.8708733292019,14.1491772494735,1.10899684293063
GA,1992,D,D,4,READING,43.1281990324857,32.0478862901229,19.6345568659328,5.18935781145869
GA,1992,D,D,8,MATHEMATICS,52.1222268294568,35.1667295289594,11.5795866609996,1.13145698058427
GA,1996,R,D,4,MATHEMATICS,47.3748790964808,39.5996241883565,12.0053976912096,1.02009902395304
GA,1996,R,D,8,MATHEMATICS,48.8588141532724,35.2705942158513,13.7438638280774,2.12672780279892
GA,2000,R,D,4,MATHEMATICS,42.8426305378114,39.7144368769474,16.1815404471659,1.26139213807537
GA,2000,R,D,8,MATHEMATICS,45.5637045747506,35.8732336765741,15.9316608373665,2.63140091130879
GA,2003,R,R,4,MATHEMATICS,28.4008665974174,44.7396202358724,23.3886053723871,3.47090779432305
GA,2003,R,R,4,READING,41.1133128877196,32.3281875128288,20.1823620093336,6.37613759011803
GA,2003,R,R,8,MATHEMATICS,40.5756442280683,37.9059371167166,17.4912992522566,4.02711940295853
GA,2003,R,R,8,READING,30.5513416353731,43.3788417846384,24.5600473816073,1.50976919838116
GA,2005,R,R,4,MATHEMATICS,23.9895011023628,46.5036307593638,25.8560070612002,3.65086107707324
GA,2005,R,R,4,READING,41.7145474388735,31.976388134308,20.1049600758034,6.2041043510151
GA,2005,R,R,8,MATHEMATICS,38.1941995547704,38.6307192533708,18.8316860644879,4.34339512737087
GA,2005,R,R,8,READING,33.1810649207314,41.9581972953342,22.3641178062436,2.4966199776909
GA,2007,R,R,4,MATHEMATICS,21.388501183997,46.995349810885,27.8130697143168,3.80307929080125
GA,2007,R,R,4,READING,34.4407979875782,37.2479496767924,23.3322368397179,4.97901549591155
GA,2007,R,R,8,MATHEMATICS,35.8491693803825,39.4370071109827,20.6144954879788,4.09932802065597
GA,2007,R,R,8,READING,29.9057894625049,44.4616039599661,23.5083686759499,2.12423790157907
GA,2009,R,R,4,MATHEMATICS,22.0331152865754,44.119377136003,29.3031808710661,4.54432670635542
GA,2009,R,R,4,READING,37.194282799651,33.4582901346501,22.9584041325978,6.3890229331011
GA,2009,R,R,4,SCIENCE,34.0460474750676,38.6840956536726,26.9494304018788,0
GA,2009,R,R,8,MATHEMATICS,33.2318810522004,39.9498607410687,21.3569570366244,5.46130117010652
GA,2009,R,R,8,READING,27.8188464410249,45.2377394428848,25.1424425893918,1.80097152669853
GA,2009,R,R,8,SCIENCE,42.1779643264089,30.7514426577784,25.5436383773873,1.52695463842524
GA,2011,R,R,4,MATHEMATICS,20.4038363209533,42.598480943599,30.6664690851232,6.33121365032447
GA,2011,R,R,4,READING,33.7882311446008,33.7650112342944,25.0715179282569,7.37523969284789
GA,2011,R,R,8,MATHEMATICS,31.5076897067851,40.73408065869,21.7927855168332,5.96544411769171
GA,2011,R,R,8,READING,25.6875772230531,46.7350097766001,25.9013087492649,1.6761042510819
GA,2011,R,R,8,SCIENCE,36.8495468997859,32.9921364428288,28.1996411723284,1.95867548505683
GA,2013,R,R,4,MATHEMATICS,19.020451424068,41.5824594680257,32.2768070840355,7.12028202387077
GA,2013,R,R,4,READING,33.0207946885735,33.0374119925553,25.2606489519163,8.68114436695488
GA,2013,R,R,8,MATHEMATICS,31.6098745144726,39.0191361843972,22.3212283202726,7.04976098085764
GA,2013,R,R,8,READING,24.6979983726927,43.7968984033987,27.9503173759737,3.55478584793486
GA,2015,R,R,4,MATHEMATICS,22.2779842353804,43.0905227481724,29.4923812264063,5.13911179004089
GA,2015,R,R,4,READING,31.9315246245366,34.4351293818604,26.4782967233514,7.15504927025161
GA,2015,R,R,4,SCIENCE,25.9775353819481,39.2919538270574,34.1300645044237,0.600446286570789
GA,2015,R,R,8,MATHEMATICS,32.6757183511879,38.9711321530534,20.9878926026991,7.36525689305956
GA,2015,R,R,8,READING,26.5484019571018,43.2046006516061,27.3159605307599,2.93103686053221
GA,2015,R,R,8,SCIENCE,34.783332573088,34.0265664445711,29.3850247500077,1.80507623233312
GA,2017,R,R,4,MATHEMATICS,23.3650084381272,41.2085726396341,28.9300883821945,6.49633054004425
GA,2017,R,R,4,READING,34.0735662643616,31.2888602101767,26.1029680844621,8.5346054409996
GA,2017,R,R,8,MATHEMATICS,31.7981638388941,36.8015224855473,22.6941141569248,8.70619951863381
GA,2017,R,R,8,READING,24.1835141270506,40.4237651844587,31.3847480580997,4.00797263039099
GA,2019,R,R,4,MATHEMATICS,22.765674573326,40.7481530984591,28.0714528024164,8.41471952579855
GA,2019,R,R,4,READING,36.6645541639544,31.1126335945761,23.1969199993275,9.025892242142
GA,2019,R,R,8,MATHEMATICS,33.1319282141501,35.7270718103008,22.2317081107965,8.9092918647526
GA,2019,R,R,8,READING,28.3518499440509,39.5153975693105,28.6323425988941,3.50040988774452
GA,1994,D,D,4,READING,47.8800803019115,26.5509425158801,18.8989592256169,6.67001795659154
GA,1998,R,D,4,READING,46.2061779150793,29.7342367684259,19.1766805141383,4.88290480235654
GA,1998,R,D,8,READING,31.8860651266642,42.9527605149586,23.7456240007701,1.4155503576071
GA,2002,R,D,4,READING,41.047832529788,30.9586247148842,21.6115190905177,6.38202366481005
GA,2002,R,D,8,READING,30.2423837661217,43.8564017563671,24.3264695230127,1.57474495449846
GA,1990,R,D,8,MATHEMATICS,52.841917423131,33.3081963944257,11.4631069416513,2.38677924079206
HI,1992,D,D,4,MATHEMATICS,48.0952419740745,37.2855380836847,13.5187433688496,1.10047657339127
HI,1992,D,D,4,READING,52.3146502942619,30.7089911945586,14.4081075860618,2.56825092511765
HI,1992,D,D,8,MATHEMATICS,53.7944937384083,32.666790435751,11.7411463375099,1.79756948833082
HI,1996,D,D,4,MATHEMATICS,47.0828748199826,36.4921221013834,14.7897652080978,1.63523787053629
HI,1996,D,D,8,MATHEMATICS,48.9617155164186,35.1227600198928,13.6648628637044,2.25066159998414
HI,2000,D,D,4,MATHEMATICS,45.4700374099102,40.2817709965263,13.3640968151739,0.884094778389604
HI,2000,D,D,8,MATHEMATICS,48.8177545530861,35.3883918790197,13.1937563996117,2.60009716828249
HI,2003,D,R,4,MATHEMATICS,31.6100843453584,45.161837479706,21.5160050385219,1.71207313641378
HI,2003,D,R,4,READING,46.5271160877458,32.2074713078312,16.91346546433,4.3519471400929
HI,2003,D,R,8,MATHEMATICS,44.3162158886146,38.9299733412421,14.3967042496428,2.35710652050039
HI,2003,D,R,8,READING,39.0061913202788,39.4113699502918,19.6513782576905,1.93106047173895
HI,2005,D,R,4,MATHEMATICS,27.3589675332671,45.9630220905775,24.0698004358757,2.60820994027972
HI,2005,D,R,4,READING,47.2050307037565,29.4172446256878,18.0433637122661,5.33436095828964
HI,2005,D,R,8,MATHEMATICS,44.3201093726705,37.4360690872957,15.7535151570155,2.4903063830183
HI,2005,D,R,8,READING,42.3455902560451,39.3334958892957,17.1437525584611,1.17716129619805
HI,2007,D,R,4,MATHEMATICS,23.0971875875717,43.6244139612037,29.0016110814739,4.27678736975062
HI,2007,D,R,4,READING,41.021214761412,33.2935399250956,20.2916264625056,5.39361885098684
HI,2007,D,R,8,MATHEMATICS,40.8860713898138,37.9002662501648,18.1711556777956,3.04250668222588
HI,2007,D,R,8,READING,37.5374711464534,42.1763634426845,19.2309875457965,1.05517786506556
HI,2009,D,R,4,MATHEMATICS,22.5351323946664,40.7237634093264,31.5582927690712,5.18281142693602
HI,2009,D,R,4,READING,43.2926593925657,31.0282566667777,19.9459644931475,5.73311944750915
HI,2009,D,R,4,SCIENCE,37.2574647728035,38.2008886651977,24.0844136942906,0
HI,2009,D,R,8,MATHEMATICS,34.9851354743504,39.6883393170518,20.9285930663172,4.3979321422806
HI,2009,D,R,8,READING,33.1701499234094,44.8723748324502,20.7510736313437,1.20640161279676
HI,2009,D,R,8,SCIENCE,49.7317960132128,32.9907984219243,16.9618068260587,0
HI,2011,D,D,4,MATHEMATICS,19.5552896764529,40.7614591640478,33.2931610105984,6.39009014890082
HI,2011,D,D,4,READING,40.6907450760822,32.1443352414245,21.2303351659167,5.93458451657658
HI,2011,D,D,8,MATHEMATICS,32.2084552643832,37.7818068538918,24.0968893074424,5.91284857428258
HI,2011,D,D,8,READING,31.8090895932138,42.1974832796706,23.7973832737807,2.196043853335
HI,2011,D,D,8,SCIENCE,44.8331085163622,33.4791809966884,20.8587543429635,0.828956143985903
HI,2013,D,D,4,MATHEMATICS,16.6803835273764,37.3164093783944,37.2027612759631,8.80044581826617
HI,2013,D,D,4,READING,38.3901391831519,31.8389727512327,22.9070477958577,6.86384026975766
HI,2013,D,D,8,MATHEMATICS,28.3476107606549,39.3222906650835,25.0559145405331,7.27418403372844
HI,2013,D,D,8,READING,28.7177649476782,42.8376390285445,25.9650991651626,2.47949685861474
HI,2015,D,D,4,MATHEMATICS,21.2431926780081,40.4745425244809,31.6962006906849,6.58606410682619
HI,2015,D,D,4,READING,38.6016602018935,32.3350953847947,22.7930375020025,6.27020691130929
HI,2015,D,D,4,SCIENCE,30.5115714637315,39.0483659450454,29.9345467938523,0.505515797370728
HI,2015,D,D,8,MATHEMATICS,30.1875323614366,39.7898269197399,24.1188182487577,5.90382247006576
HI,2015,D,D,8,READING,31.9469993609473,42.360524305221,23.4413803737198,2.25109596011195
HI,2015,D,D,8,SCIENCE,41.9024813310594,35.0550107943568,22.3713056675855,0.671202206998354
HI,2017,D,D,4,MATHEMATICS,21.4713600453106,40.4225023518306,31.7796608203993,6.32647678245941
HI,2017,D,D,4,READING,37.5009994514871,30.8134734399528,24.6205168978608,7.06501021069923
HI,2017,D,D,8,MATHEMATICS,33.6872537849824,39.0170983958442,20.6437043850412,6.65194343413212
HI,2017,D,D,8,READING,27.6915457598077,41.9732359597514,27.9700966334863,2.3651216469546
HI,2019,D,D,4,MATHEMATICS,21.6185603188487,38.6136662862777,32.0215083312331,7.74626506364052
HI,2019,D,D,4,READING,37.4466588661206,28.7653775657369,25.3437335748984,8.44422999324408
HI,2019,D,D,8,MATHEMATICS,35.4228263111841,36.919771096569,21.6519135592126,6.00548903303428
HI,2019,D,D,8,READING,32.4427349364863,38.3969531461302,25.6714992793796,3.48881263800397
HI,1994,D,D,4,READING,53.5864692993952,27.0315451430819,15.2671110839342,4.11487447358873
HI,1998,D,D,4,READING,54.7446601063361,28.0246554086282,13.800110434439,3.43057405059666
HI,1998,D,D,8,READING,40.9185080389608,40.2142549311713,17.5043301218551,1.36290690801281
HI,2002,D,R,4,READING,47.8845881197693,30.8629890412839,17.080268286337,4.17215455260982
HI,2002,D,R,8,READING,36.2519635667365,43.8328406341092,18.8293734641788,1.08582233497551
HI,1990,D,D,8,MATHEMATICS,59.9885977411363,28.2907085949054,10.1396682782069,1.58102538575143
ID,1992,R,D,4,MATHEMATICS,37.309743209137,47.0339465011406,14.9598437889837,0.69646650073866
ID,1992,R,D,4,READING,33.4922829892264,38.6914776466292,23.4337954480768,4.38244391606759
ID,1992,R,D,8,MATHEMATICS,32.0724625845052,46.2071699991465,19.6311756041817,2.0891918121666
ID,2000,R,R,4,MATHEMATICS,32.4467683572911,47.7918948479994,18.6403870296925,1.12094976501707
ID,2000,R,R,8,MATHEMATICS,29.7708750104475,43.864507952006,22.6266614319865,3.73795560556004
ID,2003,R,R,4,MATHEMATICS,20.3816404641263,49.0371077277981,28.2842625339882,2.29698927408732
ID,2003,R,R,4,READING,35.5480793164238,34.3176134596944,23.9941439642407,6.14016325964116
ID,2003,R,R,8,MATHEMATICS,27.3141827208436,44.4300629871889,23.8797275978472,4.37602669412032
ID,2003,R,R,8,READING,23.5372636215956,44.1860297634262,29.8390845521124,2.43762206286577
ID,2005,R,R,4,MATHEMATICS,13.6135621224034,45.9842395724273,35.6078081490276,4.79439015614176
ID,2005,R,R,4,READING,30.959921882215,36.1765981733816,26.2842267541456,6.57925319025782
ID,2005,R,R,8,MATHEMATICS,26.7396389887129,43.3049850718859,25.4325771505842,4.52279878881705
ID,2005,R,R,8,READING,23.7477949115527,44.0562711557464,29.7957033149959,2.40023061770496
ID,2007,R,R,4,MATHEMATICS,15.4940784415976,44.4476218887994,34.7743617074924,5.28393796211057
ID,2007,R,R,4,READING,29.6947112254384,35.2203011722711,27.3835885267839,7.70139907550656
ID,2007,R,R,8,MATHEMATICS,25.2710793094128,40.6433870988459,27.920585538026,6.16494805371533
ID,2007,R,R,8,READING,21.5051221528291,46.9358673653893,29.9596812797833,1.59932920199831
ID,2009,R,R,4,MATHEMATICS,15.3849296204598,44.0841658350992,35.9606340618344,4.57027048260668
ID,2009,R,R,4,READING,31.3573919829592,36.3500459005471,25.9409541570886,6.35160795940511
ID,2009,R,R,4,SCIENCE,21.4720174496799,43.0881655066753,35.215716233539,0
ID,2009,R,R,8,MATHEMATICS,21.9001002055441,39.7391046797869,30.3154622099139,8.04533290475508
ID,2009,R,R,8,READING,23.2205218763298,43.931443487453,30.7529548620078,2.09507977420941
ID,2009,R,R,8,SCIENCE,27.7705507104207,34.7832988641761,35.4592385767983,1.98691184860485
ID,2011,R,R,4,MATHEMATICS,16.9175323240982,43.6080691068816,34.1230185852071,5.3513799838132
ID,2011,R,R,4,READING,31.1498455869477,36.2547234556041,26.138428001553,6.4570029558952
ID,2011,R,R,8,MATHEMATICS,22.5875034679834,40.5623969834277,28.1246108535779,8.72548869501093
ID,2011,R,R,8,READING,19.126553453955,46.9363714159701,31.2499991626032,2.68707596747175
ID,2011,R,R,8,SCIENCE,25.1982398292178,37.2707943843026,35.7408147911797,1.79015099529984
ID,2013,R,R,4,MATHEMATICS,16.8781219398645,43.4244146008896,33.2820902519893,6.41537320725662
ID,2013,R,R,4,READING,32.4443992149455,34.5465983375269,26.3370938814729,6.67190856605481
ID,2013,R,R,8,MATHEMATICS,22.2731635211718,41.2640992282885,29.3109005868134,7.1518366637262
ID,2013,R,R,8,READING,18.3307809652343,43.3780547820462,34.6742500556505,3.61691419706904
ID,2015,R,R,4,MATHEMATICS,19.8230011386761,42.0232921000311,32.3276360720408,5.82607068925198
ID,2015,R,R,4,READING,31.3169695759592,32.5990643011748,28.5104203187793,7.5735458040868
ID,2015,R,R,4,SCIENCE,19.4711862752035,41.9428059148723,38.22589169422,0
ID,2015,R,R,8,MATHEMATICS,24.9229452932593,41.044143265808,27.8982332897863,6.13467815114642
ID,2015,R,R,8,READING,18.8776369333233,43.8743800430421,34.640465412799,2.6075176108356
ID,2015,R,R,8,SCIENCE,24.1711231347144,35.6055823200757,38.5582174949517,1.66507705025819
ID,2017,R,R,4,MATHEMATICS,18.712897777211,41.0978239923257,33.4529986147407,6.73627961572249
ID,2017,R,R,4,READING,30.1992181772303,31.642339437042,29.634007235496,8.52443515023168
ID,2017,R,R,8,MATHEMATICS,26.4636798988052,38.1706555685887,25.7805168640386,9.5851476685675
ID,2017,R,R,8,READING,18.6595853344898,42.6558637545246,35.9557505503597,2.72880036062597
ID,2019,R,R,4,MATHEMATICS,18.0512115881027,38.9245032690846,34.5294573882848,8.49482775452787
ID,2019,R,R,4,READING,30.8125774050902,31.7436294786216,28.2935482535546,9.15024486273351
ID,2019,R,R,8,MATHEMATICS,26.0460332662432,36.6105723589303,26.8104031822995,10.532991192527
ID,2019,R,R,8,READING,22.5752741665012,40.3438409597049,33.5063831024577,3.57450177133616
ID,2002,R,R,4,READING,32.6961377080334,34.9668874111224,25.7995503233513,6.5374245574929
ID,2002,R,R,8,READING,20.7702828329865,45.667309836931,31.3738400832018,2.1885672468807
ID,1990,R,D,8,MATHEMATICS,36.6224226458729,45.4437850773218,16.764347828317,1.16944444848832
IL,2000,D,R,4,MATHEMATICS,37.2513164765882,42.6366376858004,18.5060657734056,1.60598006420578
IL,2000,D,R,8,MATHEMATICS,33.4257679432051,40.3401875765881,22.444451464498,3.78959301570875
IL,2003,D,D,4,MATHEMATICS,27.0464676062433,41.4194115993342,26.7449864891499,4.78913430527254
IL,2003,D,D,4,READING,38.7565715125644,30.4245335508767,23.1123553509245,7.70653958563442
IL,2003,D,D,8,MATHEMATICS,33.5298250962629,37.2231107681023,23.3521336254086,5.89493051022618
IL,2003,D,D,8,READING,23.0603290629457,42.4060437577499,31.0710100294785,3.46261714982586
IL,2005,D,D,4,MATHEMATICS,26.0654673155868,42.3102294046893,27.058935793542,4.56536748618188
IL,2005,D,D,4,READING,37.7785783811692,32.8160367197477,22.6474922711823,6.75789262790083
IL,2005,D,D,8,MATHEMATICS,31.6996307903078,39.7228042149533,23.1656954814407,5.41186951329819
IL,2005,D,D,8,READING,25.3699465341744,43.5857021836763,28.3377709505474,2.70658033160192
IL,2007,D,D,4,MATHEMATICS,21.3525468968888,42.3248364342243,30.7207064772272,5.60191019165963
IL,2007,D,D,4,READING,34.950487721057,32.8897621301446,24.1893789918411,7.97037115695733
IL,2007,D,D,8,MATHEMATICS,29.6984974855179,39.5152312732036,23.8088781482764,6.97739309300211
IL,2007,D,D,8,READING,25.1221076447754,45.0783575596242,27.4555496196172,2.3439851759832
IL,2009,D,D,4,MATHEMATICS,20.4398215732948,41.9313152370147,30.9268245570216,6.7020386326689
IL,2009,D,D,4,READING,35.3330824873641,32.4086040615227,23.6550497659202,8.60326368519303
IL,2009,D,D,4,SCIENCE,30.7531439575625,37.172274688299,31.4918311936115,0.582750160527048
IL,2009,D,D,8,MATHEMATICS,27.375207478571,39.5426092440769,25.8908543108252,7.19132896652692
IL,2009,D,D,8,READING,23.4918494215244,43.8186375850594,30.427319259133,2.26219373428314
